@v_choice
$Dim[35]
#
%0.0383494,0.053577,0.0267622,0.0717077,0.0790607,0,0,0,0.0010218,0,0,0.048781,0.0584142,0.0223143,0.0557296,0,0.0434824,0.0185963,0.0325787,0.0356429,0.0310496,0,0.0440929,0.0230457,0.0121334,0.0147811,0.0100434,0.0573076,0,0.0679128,0,0,0.0373003,0.0029208,0.113394
@j_choice
$Dim[14]
#
%0.0844176,0.0636704,0.0495545,0.0663276,0.0288167,0.0417347,0,0.130049,0.0386309,0.0957303,0.100257,0.111255,0,0.189556
@d_gene
$Dim[14,2]
#[j_choice,0]
%0.996988,0.00301161
#[j_choice,1]
%0.991244,0.00875625
#[j_choice,2]
%0.997257,0.00274253
#[j_choice,3]
%0.993367,0.00663281
#[j_choice,4]
%0.996163,0.0038366
#[j_choice,5]
%0.990451,0.00954931
#[j_choice,6]
%0,0
#[j_choice,7]
%0.553705,0.446295
#[j_choice,8]
%0.716564,0.283436
#[j_choice,9]
%0.590405,0.409595
#[j_choice,10]
%0.584771,0.415229
#[j_choice,11]
%0.573972,0.426028
#[j_choice,12]
%0,0
#[j_choice,13]
%0.582387,0.417613
@v_3_del
$Dim[35,21]
#[v_choice,0]
%0.00249123,0,0.00761792,0.219585,0.0964082,0.125206,0.0923902,0.168416,0.154355,0.0527986,0.0384515,0.0150557,0.0072852,0.00757001,0.004496,0,0.00787304,0,0,0,0
#[v_choice,1]
%0.000646563,0,0,0.149285,0.200043,0.0869589,0.114456,0.0916233,0.245459,0.0747345,0.0245898,0.00803376,0,0,0.00416957,0,0,0,0,0,0
#[v_choice,2]
%0.000957863,0.00171931,0.00777383,0.00342371,0,0.08615,0.157943,0.14605,0.381705,0,0,0,0.175678,0,0,0.0318662,0.00563078,0.0011029,0,0,0
#[v_choice,3]
%0,0,0.000466271,0.0954399,0,0,0,0.553857,0.121746,0.187629,0,0,0.0306078,0,0.0102534,0,0,0,0,0,0
#[v_choice,4]
%0,0,0,0.091795,0.0954194,0.0782229,0.105556,0.0609223,0.44777,0.082652,0.0250679,0.00633985,0.00307618,0,0.00113363,0,0.00204493,0,0,0,0
#[v_choice,5]
%0,0,0,0,0,0,0,0,0,0,0,0,0,0,0,0,0,0,0,0,0
#[v_choice,6]
%0,0,0,0,0,0,0,0,0,0,0,0,0,0,0,0,0,0,0,0,0
#[v_choice,7]
%0,0,0,0,0,0,0,0,0,0,0,0,0,0,0,0,0,0,0,0,0
#[v_choice,8]
%0,0,0,0,0,0,0,0,0,0,0,0,1,3.03008e-43,0,0,0,0,0,0,0
#[v_choice,9]
%0,0,0,0,0,0,0,0,0,0,0,0,0,0,0,0,0,0,0,0,0
#[v_choice,10]
%0,0,0,0,0,0,0,0,0,0,0,0,0,0,0,0,0,0,0,0,0
#[v_choice,11]
%0,0,0.0416625,0.117554,0.0769381,0.132081,0.280313,0.110091,0.193427,0.0248454,0,0,0.0230883,0,0,0,0,0,0,0,0
#[v_choice,12]
%0,0,0.0525086,0.0428066,0.157574,0.18118,0.142293,0.251752,0.0637485,0,0.0898242,0.0087818,0,0.0095306,0,0,0,0,0,0,0
#[v_choice,13]
%0,0,0.0524734,0.114977,0.0674834,0.153085,0.22368,0.13278,0.209251,0.0200734,0,0,0.0261963,0,0,0,0,0,0,0,0
#[v_choice,14]
%0,0,0.0387089,0.109886,0.109877,0.144367,0.128615,0.202834,0.048881,0.123099,0.0634438,0,0,0.0165892,0,0.00702297,0.00667655,0,0,0,0
#[v_choice,15]
%0,0,0,0,0,0,0,0,0,0,0,0,0,0,0,0,0,0,0,0,0
#[v_choice,16]
%0,0,0.0210829,0.0266973,0.0957047,0.190763,0.190372,0.215817,0.0893978,0.0792048,0.0648422,0.0111667,0,0.0149509,0,0,0,0,0,0,0
#[v_choice,17]
%0,0,0,0,0,0,0.636341,0.0667016,0.0336419,0.223268,0,0.0400475,0,0,0,0,0,0,0,0,0
#[v_choice,18]
%0,0.00252797,0.00836232,0.0153751,0,0.0505935,0.253998,0.163911,0.123574,0.0391693,0.242431,0.0644882,0.00945068,0,0,0,0.0252085,0.000910817,0,0,0
#[v_choice,19]
%0,0,0,0.0977021,0.0470908,0.148149,0.108262,0.0998669,0.147048,0.266503,0.0452258,0.0145209,0.012549,0.00752675,0.00120316,0.00435293,0,0,0,0,0
#[v_choice,20]
%0.00119532,0,0.0118779,0.0930359,0.0307886,0.072193,0.135514,0.196148,0.0811117,0.0557643,0.0832758,0.135319,0.0574819,0,0,0.0409334,0.00536117,0,0,0,0
#[v_choice,21]
%0,0,0,0,0,0,0,0,0,0,0,0,0,0,0,0,0,0,0,0,0
#[v_choice,22]
%0.000151631,0,0.0059628,0,0.0210212,0.15107,0.207113,0.0830532,0.114838,0.125834,0.12547,0.0165375,0.0755579,0.0135266,0.0598645,0,0,0,0,0,0
#[v_choice,23]
%0,0,0.0352902,0.0854853,0.0780199,0.118973,0.10108,0.185317,0.083884,0.142511,0.109087,0.0317576,0.00645441,0.0120529,0.0100864,0,0,0,0,0,0
#[v_choice,24]
%0,0,0,0.0417135,0.0316063,0.0389316,0.0567827,0,0.504797,0.0840194,0.126827,0,0.0788662,0,0,0.0364556,0,0,0,0,0
#[v_choice,25]
%0,0,0,0,0,0,0,0.809541,0,0.0928027,0.0270015,0.0134779,0,0.00661878,0,0.0505583,0,0,0,0,0
#[v_choice,26]
%0,0,0.018162,0.112344,0.0997669,0.0997404,0.178506,0.110576,0.148285,0.0594035,0.111073,0.0237106,0.0231672,0.00511543,0.00281686,0.00733266,0,0,0,0,0
#[v_choice,27]
%0,0,0.0314295,0.109973,0.0764716,0.131341,0.0601279,0.113649,0.273487,0.0632971,0.0869733,0.0325856,0.0206656,0,0,0,0,0,0,0,0
#[v_choice,28]
%0,0,0,0,0,0,0,0,0,0,0,0,0,0,0,0,0,0,0,0,0
#[v_choice,29]
%0,0,0.00274025,0.00625122,0.00412718,0.0846787,0.119063,0.121171,0.348534,0.0989104,0.150894,0.0456727,0.011564,0,0.00639283,0,0,0,0,0,0
#[v_choice,30]
%0,0,0,0,0,0,0,0,0,0,0,0,0,0,0,0,0,0,0,0,0
#[v_choice,31]
%0,0,0,0,0,0,0,0,0,0,0,0,0,0,0,0,0,0,0,0,0
#[v_choice,32]
%0,0,0.0111069,0.0368206,0.00177656,0.131953,0.153981,0.169038,0.224815,0.0779517,0.192557,0,0,0,0,0,0,0,0,0,0
#[v_choice,33]
%0,0,0,0.0733518,0,0.162301,0.116048,0.226458,0.0716782,0.180661,0.0916338,0,0.0500028,0.0278651,5.21064e-32,0,0,0,0,0,0
#[v_choice,34]
%0,0,0,0,0.315523,0.210462,0.0761985,0.2035,0.0543944,0.0470783,0.0152429,0.0262537,0.0293917,0,0.00547635,0.00436499,0.0121143,0,0,0,0
@d_5_del
$Dim[2,21]
#[d_gene,0]
%0.0153539,0.00808989,0.0721669,0.0138402,0.148117,0.106322,0.143186,0.0988129,0.126188,0.0774895,0.0766386,0.0170657,0.00815373,0.0201038,0.00135202,0,0.0671199,0,0,0,0
#[d_gene,1]
%0.000813781,0.00039534,0.0627,0.0110732,0.103157,0.107146,0.187484,0.097372,0.199093,0.116357,0.064405,0.0328908,0.0101987,0.00346929,0.000812242,0.00212374,0.000508483,0,0,0,0
@d_3_del
$Dim[2,21,21]
#[d_gene,0],[d_5_del,0]
%0,0,0,0,0,0,0,0.0457909,0,0,0,0,0,0,0,0,5.4603e-05,0,0,0.134883,0.819272
#[d_gene,0],[d_5_del,1]
%0,0,0,0,0,0,0,0,0,0,0,0,0,0,0,0,0.0393162,0,0,0.960684,0
#[d_gene,0],[d_5_del,2]
%0,0,0.00578674,0,0.0456912,0,0.102236,0.259011,0,0.0804389,0.428158,0.0466365,0.0223926,0.000166284,0,6.6611e-06,2.85637e-05,0,0.00944748,0,0
#[d_gene,0],[d_5_del,3]
%0,0,0,0,0.0164068,0,0.000208766,0.10822,0,0.0577107,0.631249,0.0385495,0,0.00653236,0,0,0,0.141123,0,0,0
#[d_gene,0],[d_5_del,4]
%0,0,0.00635295,0,0.0485056,0,0.103723,0.200467,0,0.130762,0.365398,0.0709865,0.0636593,0,0,0,0.0101454,0,0,0,0
#[d_gene,0],[d_5_del,5]
%0,0,0.00516528,0,0.0493626,0.000139405,0.0903125,0.191832,1.96513e-05,0.12933,0.314076,0.0603093,0.154682,0.00477111,0,0,0,0,0,0,0
#[d_gene,0],[d_5_del,6]
%0,0,0.00750435,0,0.0559658,0.000217609,0.0892459,0.249672,0.00413325,0.202824,0.288616,0.0871471,0.0146733,0,0,0,0,0,0,0,0
#[d_gene,0],[d_5_del,7]
%0,0,0.0127018,0,0.0812004,0,0.138769,0.271105,0.0263153,0.123353,0.323828,0.0227272,0,0,0,0,0,0,0,0,0
#[d_gene,0],[d_5_del,8]
%0,0,0.0162353,0,0.0935269,0.000613925,0.145886,0.367205,0.0181319,0.253862,0.104539,0,0,0,0,0,0,0,0,0,0
#[d_gene,0],[d_5_del,9]
%0,0.0011438,0.0174813,0,0.0820202,0.0234798,0.178063,0.426256,0.0912049,0.180351,6.50841e-29,0,0,0,0,0,0,0,0,0,0
#[d_gene,0],[d_5_del,10]
%0,0,0.0375413,0.0142677,0.10196,0.157108,0.31354,0.29647,0.0791134,0,0,0,0,0,0,0,0,0,0,0,0
#[d_gene,0],[d_5_del,11]
%0,0.00137504,0.0685982,0.0156573,0.140753,0.670975,0,0.102642,0,0,0,0,0,0,0,0,0,0,0,0,0
#[d_gene,0],[d_5_del,12]
%0,0,0.0181095,0,0.856356,0,0.125535,0,0,0,0,0,0,0,0,0,0,0,0,0,0
#[d_gene,0],[d_5_del,13]
%0,0,0,0,0.986879,0.0131214,0,0,0,0,0,0,0,0,0,0,0,0,0,0,0
#[d_gene,0],[d_5_del,14]
%0,0,0,0,1,0,0,0,0,0,0,0,0,0,0,0,0,0,0,0,0
#[d_gene,0],[d_5_del,15]
%0,0,0,0,0,0,0,0,0,0,0,0,0,0,0,0,0,0,0,0,0
#[d_gene,0],[d_5_del,16]
%0,0,0,0,1,0,0,0,0,0,0,0,0,0,0,0,0,0,0,0,0
#[d_gene,0],[d_5_del,17]
%0,0,0,0,0,0,0,0,0,0,0,0,0,0,0,0,0,0,0,0,0
#[d_gene,0],[d_5_del,18]
%0,0,0,0,0,0,0,0,0,0,0,0,0,0,0,0,0,0,0,0,0
#[d_gene,0],[d_5_del,19]
%0,0,0,0,0,0,0,0,0,0,0,0,0,0,0,0,0,0,0,0,0
#[d_gene,0],[d_5_del,20]
%0,0,0,0,0,0,0,0,0,0,0,0,0,0,0,0,0,0,0,0,0
#[d_gene,1],[d_5_del,0]
%0,0,0,0,0,0,0,0,0.470255,0.0831982,0,0,0,0,0,0,0,0,0,0.446547,0
#[d_gene,1],[d_5_del,1]
%0,0,0,0,0,0,0,0,0,0,0,0,0.753276,0,0,0,0,0.246724,0,0,0
#[d_gene,1],[d_5_del,2]
%0,0,0.0299301,0.00918217,0.0332683,0,0.148453,0.182993,0.196923,0.169242,0.0571211,0.0321668,0.0507276,0.0234314,0.0139992,9.3511e-05,0,0.00233242,0,0,0.050136
#[d_gene,1],[d_5_del,3]
%0,0,0,0,0,0,0,0.44479,0.110273,0,0.187967,0,0.249895,0,0,0.00707536,0,0,0,0,0
#[d_gene,1],[d_5_del,4]
%0,0,0.0394356,0,0.0561623,0,0,0.324589,0.206829,0.157245,0.0504518,0.0457796,0.0761546,0.0291065,0.0142464,0,0,0,5.81374e-35,0,0
#[d_gene,1],[d_5_del,5]
%0,0,0.0328675,0.00759926,0.0458832,0,0.194746,0.204489,0.19591,0.114597,0.0741759,0.0386521,0.0584029,0.0318074,0.000869159,0,0,0,0,0,0
#[d_gene,1],[d_5_del,6]
%0,0,0.056625,0.011411,0.0712938,0,0.203875,0.206618,0.155118,0.129291,0.0803707,0.032594,0.037336,0.00995821,0.00550847,0,0,0,0,0,0
#[d_gene,1],[d_5_del,7]
%0,0,0.0513827,0.0177162,0.0688511,0,0.174059,0.200702,0.184571,0.130743,0.0806868,0.0495462,0,0.0417422,0,0,0,0,0,0,0
#[d_gene,1],[d_5_del,8]
%0,0,0.0528261,0.0140614,0.0691919,0.0225494,0.187131,0.232919,0.155802,0.121831,0.0511918,0,0.0924961,0,0,0,0,0,0,0,0
#[d_gene,1],[d_5_del,9]
%0,0,0.0447973,0.00845601,0.0535197,0.0554078,0.156515,0.133464,0.14731,0.156094,0.173475,0.050568,0.020392,0,0,0,0,0,0,0,0
#[d_gene,1],[d_5_del,10]
%0,0,0.128155,0.0319289,0.162156,0,0,0.442258,0.230823,0,0.00467902,0,0,0,0,0,0,0,0,0,0
#[d_gene,1],[d_5_del,11]
%0,0.00385916,0.173738,0.0381945,0.368794,0,0.279047,0.136367,0,0,0,0,0,0,0,0,0,0,0,0,0
#[d_gene,1],[d_5_del,12]
%0,0,0.0324022,0,3.56735e-06,0.711202,0.256393,0,0,0,0,0,0,0,0,0,0,0,0,0,0
#[d_gene,1],[d_5_del,13]
%0,0,0.268303,0,3.77097e-22,0.731697,0,0,0,0,0,0,0,0,0,0,0,0,0,0,0
#[d_gene,1],[d_5_del,14]
%0,0,0.333688,0,0.666312,0,0,0,0,0,0,0,0,0,0,0,0,0,0,0,0
#[d_gene,1],[d_5_del,15]
%0,0,0,0,1,0,0,0,0,0,0,0,0,0,0,0,0,0,0,0,0
#[d_gene,1],[d_5_del,16]
%0,0,0,0,1,0,0,0,0,0,0,0,0,0,0,0,0,0,0,0,0
#[d_gene,1],[d_5_del,17]
%0,0,0,0,0,0,0,0,0,0,0,0,0,0,0,0,0,0,0,0,0
#[d_gene,1],[d_5_del,18]
%0,0,0,0,0,0,0,0,0,0,0,0,0,0,0,0,0,0,0,0,0
#[d_gene,1],[d_5_del,19]
%0,0,0,0,0,0,0,0,0,0,0,0,0,0,0,0,0,0,0,0,0
#[d_gene,1],[d_5_del,20]
%0,0,0,0,0,0,0,0,0,0,0,0,0,0,0,0,0,0,0,0,0
@j_5_del
$Dim[14,23]
#[j_choice,0]
%0,0,0,0,0.239799,0.0989261,0.131794,0.162629,0.148108,0.0498961,0.0523867,0.116461,1.5279e-40,0,0,0,0,0,0,0,0,0,0
#[j_choice,1]
%0,0,0.0576625,0.0388822,0.250687,0.0983826,0.147138,0.18969,0.152407,0.0297302,0.0229091,0.00274851,0.000750724,0.00139188,0.00762022,1.72271e-41,0,0,0,0,0,0,0
#[j_choice,2]
%0,0,0.0948848,0.135086,0.351474,0.0551343,0.129999,0.0960574,0.077403,0.0107518,0.0121471,0.0090957,0.0103086,0.0056351,0.0023095,0.00971399,0,0,0,0,0,0,0
#[j_choice,3]
%0,0,0.0268005,0.0609576,0.198499,0.0756248,0.0622728,0.151782,0.162536,0.0508248,0.0818277,0.105984,0.00720146,0,0.00631914,0.00113234,0.00823746,0,6.80484e-26,0,0,0,0
#[j_choice,4]
%0,0,0.0454977,0.124364,0.0981296,0.0794787,0.135668,0.157679,0.079228,0.0628503,0.0685264,0.0625189,0.00968879,0.0458447,0.0131169,0,0,0.0174083,0,0,0,0,0
#[j_choice,5]
%0,0,0.0546756,0.0294671,0.146497,0.0300697,0.0353712,0.114193,0.1366,0.123129,0.0579305,0.150609,0.0601335,0.0256425,0.0193638,0.0163171,0,0,0,0,0,0,0
#[j_choice,6]
%0,0,0,0,0,0,0,0,0,0,0,0,0,0,0,0,0,0,0,0,0,0,0
#[j_choice,7]
%0.000426626,0.00169791,0.0128467,0.0210105,0.0889537,0.161018,0.0740898,0.209116,0.128965,0.0713904,0.0938866,0.103151,0.0135258,0.00555819,0.00277809,0.0115852,1.02761e-29,3.17559e-53,0,0,0,0,0
#[j_choice,8]
%0,0,0.013803,0.037398,0.20806,0.14179,0.140745,0.182829,0.16429,0.025866,0.0321324,0.0154252,0.00434951,0,0.00395848,0,0,0,0,0,0,0.0228092,0.00654541
#[j_choice,9]
%0,0.000969332,0.177099,0.155974,0.0763468,0.209067,0.127889,0.104431,0.0594513,0.025068,0.0298493,0.0100403,0.0105886,0.00556995,0.00765606,0,0,0,0,0,0,0,0
#[j_choice,10]
%0,0,0.0720481,0.135367,0.122355,0.126168,0.124579,0.104927,0.107117,0.0667964,0.0486287,0.0485079,0.0292348,0.00183269,0.0124381,0,0,0,0,0,0,0,0
#[j_choice,11]
%0,0,0.052956,0.0859804,0.029519,0.0884009,0.169484,0.165058,0.102269,0.0954123,0.119213,0.0224597,0.0202313,0.000760568,0.00901943,0,0,0,0,0,0,0.0392369,0
#[j_choice,12]
%0,0,0,0,0,0,0,0,0,0,0,0,0,0,0,0,0,0,0,0,0,0,0
#[j_choice,13]
%0,0.00725868,0.0847693,0,0.122924,0.0231333,0.0398682,0.131753,0.25734,0.0520968,0.108048,0.129815,0.0119699,0,0,0,0,0.0310236,0,0,0,0,0
@vd_ins
$Dim[31]
#
%0.161482,0.22606,0.251073,0.17245,0.0972761,0.0456,0.0213651,0.0119818,0.00549126,0.00292403,0.00163,0.000721954,0.00194425,0,0,0,0,0,0,0,0,0,0,0,0,0,0,0,0,0,0
@vd_dinucl
$Dim[16]
#
%0.32725,0.213623,0.32635,0.132777,0.144836,0.54241,0.142402,0.170351,0.256567,0.259375,0.327032,0.157026,0.177042,0.435525,0.168413,0.21902
@dj_ins
$Dim[31]
#
%0.110612,0.270321,0.24642,0.154757,0.105986,0.0546224,0.0278002,0.0144576,0.00694534,0.0029048,0.00222978,0.00294389,0,0,0,0,0,0,0,0,0,0,0,0,0,0,0,0,0,0,0
@dj_dinucl
$Dim[16]
#
%0.332861,0.10147,0.457639,0.10803,0.223525,0.259064,0.279826,0.237584,0.25561,0.102034,0.525464,0.116892,0.263761,0.201139,0.267619,0.26748
