@v_choice
$Dim[61]
#
%0.0301271,0.0088656,0.000113303,5.01848e-05,0.0283018,0.00205583,0.0280327,0.00205412,0.00221489,0.0320637,0.0319078,0.0236555,0.00712338,0.00386184,0.0235639,0.00863527,0.0320645,0.0153013,0.0233988,0.0246528,0.00262904,0.00262795,0.00517873,0.0267757,0.0117593,0.0136504,0.0101732,0.00215804,0.0495405,0.0241075,0.00184074,0.018004,0.00966242,0.0110816,0.030649,0.0303863,0.0154682,0.0169568,0.000887372,0.0266694,0.0021399,8.95777e-05,6.13108e-05,0.0353467,0.000444114,0.0173353,0.0165987,0.00264303,0.0857766,0.0219264,0.0619404,0.00405696,0.0495848,0.0181248,0.018117,0.0213393,0.00405984,0.000192493,9.10648e-05,0.000102146,0.00177895
@j_choice
$Dim[19]
#
%0.0577514,0.0285857,0.06336,0.049699,0.033787,0.0335458,0.0283366,0.00130229,0.00012302,0.0417782,0.000906242,0.129107,0.0390172,0.0961358,0.101272,0.113087,0.000598587,0.091095,0.0905121
@d_gene
$Dim[19,2]
#[j_choice,0]
%0.978197,0.0218034
#[j_choice,1]
%0.959344,0.0406561
#[j_choice,2]
%0.961318,0.0386825
#[j_choice,3]
%0.958392,0.0416082
#[j_choice,4]
%0.976423,0.0235767
#[j_choice,5]
%0.976309,0.0236911
#[j_choice,6]
%0.983236,0.0167639
#[j_choice,7]
%0.904147,0.0958526
#[j_choice,8]
%0.918732,0.081268
#[j_choice,9]
%0.965797,0.0342034
#[j_choice,10]
%0.652318,0.347682
#[j_choice,11]
%0.489007,0.510993
#[j_choice,12]
%0.654065,0.345935
#[j_choice,13]
%0.527603,0.472397
#[j_choice,14]
%0.515125,0.484875
#[j_choice,15]
%0.505888,0.494112
#[j_choice,16]
%0.756977,0.243023
#[j_choice,17]
%0.529397,0.470603
#[j_choice,18]
%0.528944,0.471056
@v_3_del
$Dim[61,21]
#[v_choice,0]
%0.0028566,0.00557569,0.0433004,0.218138,0.133641,0.169483,0.125938,0.104846,0.107058,0.0375099,0.0290722,0.00830199,0.00360603,0.00388278,0.00198194,0.00335831,0.00026706,0.000927502,9.45668e-05,0.000161615,4.08673e-07
#[v_choice,1]
%2.82915e-06,0.00021736,0.000749938,0.00495432,0.0834636,0.289627,0.334268,0.114952,0.0935687,0.0277003,0.0124197,0.0135443,0.0070032,0.011635,0.000932937,0.00336211,0.000491108,0.00109689,1.08162e-05,0,0
#[v_choice,2]
%0,0,0,0,0.0323378,0.00065331,0.000203178,0.0309406,8.38131e-05,0.133177,0.000348354,0.000754991,0.0106718,5.4065e-05,0.0016233,2.91407e-05,0.000908748,0.150814,0.0722479,0.31481,0.250342
#[v_choice,3]
%0,0,0,0,0,0,0.0721648,6.10815e-05,0.000462324,0.58278,0.000759771,1.53831e-06,1.10008e-08,1.29274e-06,2.14065e-08,0,0,0,1.96163e-09,0.100472,0.243297
#[v_choice,4]
%0.00012184,0.00476235,0.0532402,0.143235,0.117733,0.144975,0.34335,0.121368,0.0339256,0.0108439,0.0104391,0.00517149,0.00437208,0.00426584,0.000811789,0.000620635,0.000277645,0.000482403,4.58484e-06,0,0
#[v_choice,5]
%0,1.80643e-06,6.31141e-05,0.0252759,0.429292,0.1609,0.0983712,0.0908988,0.0572717,0.053984,0.0562312,0.0104005,0.00767329,0.00342824,0.00615772,5.01371e-05,0,0,0,0,0
#[v_choice,6]
%0.000122584,0.00479364,0.0535578,0.143961,0.118149,0.145143,0.344296,0.120588,0.0331267,0.0104498,0.0100549,0.00501061,0.00430283,0.00426821,0.0008091,0.000617015,0.000274919,0.000471695,3.95108e-06,0,0
#[v_choice,7]
%0,1.80597e-06,6.30694e-05,0.0252196,0.429281,0.160834,0.0983571,0.0908605,0.0573017,0.0540356,0.0562842,0.010412,0.00768351,0.00343649,0.00617898,5.05624e-05,0,0,0,0,0
#[v_choice,8]
%0,1.25214e-06,0.00142745,0.00505347,0.289979,0.141316,0.139993,0.0908064,0.117838,0.0690885,0.0620984,0.0549199,0.0106193,0.00777131,0.0033571,0.00568512,4.49731e-05,0,0,0,0
#[v_choice,9]
%0.000239587,0.00163639,0.0399853,0.0507829,0.117437,0.174504,0.1768,0.228211,0.111714,0.0498051,0.0270809,0.00898578,0.00434729,0.00365643,0.00342784,0.000536009,0.000430253,0.00017253,0.000246483,1.05199e-06,0
#[v_choice,10]
%0.000240054,0.00163808,0.0400277,0.0507646,0.117383,0.174237,0.176848,0.228577,0.11163,0.049732,0.0270902,0.00898588,0.00435064,0.00366323,0.00344123,0.000537884,0.000431913,0.000173214,0.000247391,1.05481e-06,0
#[v_choice,11]
%5.12013e-05,0.00107874,0.0453276,0.12641,0.116123,0.170917,0.166269,0.166181,0.039933,0.0774279,0.04325,0.0201724,0.00874524,0.00869101,0.00645581,0.00102647,0.000825825,0.000393568,0.000716725,4.74098e-06,0
#[v_choice,12]
%2.77992e-06,5.76617e-06,7.99721e-05,0.0662659,0.311744,0.0925336,0.237414,0.137672,0.0646951,0.0287547,0.029062,0.0217713,0.00391736,0.00294774,0.00121157,0.00190953,1.34973e-05,0,0,0,0
#[v_choice,13]
%0.000449296,9.40762e-05,0.000207668,0.00176029,0.0743462,0.395692,0.246107,0.116629,0.0523722,0.0534961,0.0402075,0.00726681,0.00541861,0.00222498,0.00370205,2.63628e-05,0,0,0,0,0
#[v_choice,14]
%5.12166e-05,0.0010785,0.0453309,0.126315,0.115779,0.170284,0.165562,0.165926,0.0399185,0.0778006,0.0436928,0.0205466,0.00898963,0.00892982,0.0065924,0.00106095,0.000867931,0.000430001,0.000837426,6.40027e-06,0
#[v_choice,15]
%0,0,1.00578e-05,0.00126005,0.0752496,0.364183,0.156783,0.108492,0.124963,0.0876939,0.031473,0.0162139,0.0143504,0.0132539,0.00235021,0.00177865,0.000735599,0.00120119,8.47649e-06,0,0
#[v_choice,16]
%0.000238891,0.00163016,0.0398335,0.0505188,0.116816,0.173407,0.176457,0.228568,0.112444,0.0503465,0.0275237,0.00921908,0.00445272,0.00370491,0.00344264,0.00053846,0.000432608,0.000173971,0.000251026,1.11333e-06,0
#[v_choice,17]
%0.003687,0.00132531,0.0182395,0.0150225,0.0304579,0.101134,0.383673,0.250461,0.0400405,0.0647787,0.0471889,0.0171499,0.0090209,0.00766874,0.00721784,0.00115325,0.000907208,0.000361129,0.000509555,2.15931e-06,0
#[v_choice,18]
%0.00223824,0.00127511,0.0154975,0.0174441,0.00482293,0.0963624,0.295176,0.268326,0.170787,0.0280682,0.0412181,0.0307857,0.010992,0.00566953,0.00487437,0.00464743,0.000720039,0.000570614,0.000229326,0.000293808,1.21837e-06
#[v_choice,19]
%0.000988037,0.00228641,0.0134026,0.114513,0.0757899,0.20477,0.146366,0.156774,0.130907,0.114564,0.0234617,0.00559206,0.00430626,0.00280426,0.00103771,0.00181194,0.000235444,0.000199155,8.013e-05,0.000108754,3.55373e-07
#[v_choice,20]
%0,0.000154039,0.0285144,0.0133399,0.659035,0.166992,0.0423792,0.0346218,0.023047,0.00897766,0.0164653,0.00254013,0.00192636,0.000759968,0.00124221,4.82676e-06,0,0,0,0,0
#[v_choice,21]
%0,0.000153814,0.0284453,0.0132958,0.659077,0.167009,0.0423791,0.0346275,0.0230779,0.00899044,0.0164782,0.00254244,0.00192816,0.000760782,0.00122988,4.64361e-06,0,0,0,0,0
#[v_choice,22]
%0,7.41333e-05,0.00270551,0.0135357,0.360847,0.451886,0.0986377,0.0236963,0.0188426,0.012481,0.0047947,0.00861481,0.00135049,0.00106881,0.000478747,0.000978023,8.70816e-06,0,0,0,0
#[v_choice,23]
%0.00104456,0.00237804,0.0189704,0.0993786,0.035729,0.092775,0.13541,0.211386,0.101616,0.048905,0.138725,0.0499714,0.0269995,0.014911,0.00750473,0.0108829,0.00117743,0.00104009,0.000460462,0.000729145,6.23365e-06
#[v_choice,24]
%0,0,0,1.06312e-06,0.00119499,0.00125987,0.00124661,0.00126039,0.00182974,0.635316,0.15546,0.045676,0.0799819,0.0239938,0.0179264,0.0282352,0.00464667,0.000372196,1.14181e-08,0.00110983,0.000489619
#[v_choice,25]
%4.96325e-05,0.00136927,0.0223062,0.00246488,0.113497,0.278122,0.233355,0.0985172,0.0684854,0.0771521,0.0543399,0.0196542,0.0100872,0.00883468,0.00834124,0.00134663,0.00105326,0.000420365,0.000601795,2.70489e-06,0
#[v_choice,26]
%0,3.90792e-05,0.00497015,0.0287164,0.23674,0.274172,0.127512,0.0880172,0.100688,0.0714842,0.0257131,0.0134268,0.0119277,0.0113728,0.00203901,0.00152575,0.00062923,0.00101994,7.44182e-06,0,0
#[v_choice,27]
%6.21599e-06,0.00045379,0.00115772,4.75161e-05,0,0.375637,0.312611,0.116268,0.0612991,0.0542461,0.0528953,0.00968245,0.00714837,0.00306813,0.00543753,4.19531e-05,0,0,0,0,0
#[v_choice,28]
%0.00023906,0.000876324,0.00788923,0.152497,0.190422,0.125629,0.111085,0.0514233,0.206797,0.0702268,0.0456699,0.0217961,0.00673238,0.00310486,0.00247297,0.0022518,0.000353363,0.000278695,0.000111375,0.000143314,6.16681e-07
#[v_choice,29]
%5.06837e-05,0.000607441,0.0435143,0.0888253,0.0825614,0.126252,0.11288,0.193828,0.087612,0.145523,0.078717,0.0222184,0.00391627,0.00917633,0.00142485,0.000655508,0.00211242,0.000125588,0,0,0
#[v_choice,30]
%0,0,8.88412e-05,0.0192231,0.0346761,0.519985,0.205231,0.0411795,0.0997901,0.0149431,0.00745855,0.0536241,0.00380035,0,0,0,0,0,0,0,0
#[v_choice,31]
%0.000402504,0.00058819,0.00238416,0.0259295,0.0299712,0.0281367,0.0448427,0.0322228,0.338655,0.112673,0.213994,0.0761645,0.0402495,0.0220808,0.0110653,0.0159967,0.00172002,0.00147952,0.000610242,0.000827672,5.35511e-06
#[v_choice,32]
%0.00123353,0.000792443,0.00433896,0.00972918,0.0217169,0.0613575,0.0735043,0.49295,0.0846163,0.102981,0.0772504,0.0274564,0.0138315,0.0118648,0.0117109,0.00184789,0.00144375,0.000571203,0.000799984,3.40391e-06,0
#[v_choice,33]
%0.00145926,0.00232999,0.0219479,0.10258,0.106161,0.0876992,0.196843,0.10611,0.141096,0.0492517,0.117795,0.0233508,0.019554,0.00450705,0.00443365,0.00323968,0.00115536,0.00408553,0.00123475,0.00350036,0.00166553
#[v_choice,34]
%0.000468346,0.00218223,0.0306488,0.09652,0.078059,0.129651,0.130657,0.125471,0.226165,0.0763862,0.0508602,0.0295275,0.00969497,0.00465962,0.00397232,0.00365096,0.000568818,0.000447251,0.00017891,0.000230708,1.09649e-06
#[v_choice,35]
%0.000470607,0.00219351,0.0307925,0.0968947,0.0782104,0.129624,0.1308,0.125428,0.226518,0.0756797,0.0505467,0.0293865,0.00961637,0.00465812,0.00400793,0.00369569,0.000579105,0.000459777,0.0001875,0.000248835,1.33798e-06
#[v_choice,36]
%1.68324e-05,0.000198761,0.000590481,0.00244516,0.0311062,0.199152,0.425692,0.14147,0.0962585,0.055757,0.0189695,0.00959163,0.00788928,0.00733507,0.00135388,0.00102285,0.000427952,0.000716854,5.81265e-06,0,0
#[v_choice,37]
%0,1.54493e-07,4.46867e-07,4.24924e-05,0.00292859,0.0317697,0.546499,0.212489,0.101633,0.0588691,0.0196875,0.00895121,0.00724832,0.0067256,0.00118549,0.00091128,0.000387669,0.000666164,5.79311e-06,0,0
#[v_choice,38]
%6.99279e-07,7.75084e-07,0,4.23569e-06,0.0942506,0.1537,0.491992,0.173053,0.000784981,0.00443763,8.03808e-06,9.33393e-10,0.00811361,0.00607003,0.0077282,0.0352869,0.00328676,3.09404e-06,2.99028e-07,2.25512e-15,0.0212795
#[v_choice,39]
%0.00138501,0.000847089,0.00967569,0.0166942,0.0387841,0.164748,0.153479,0.14434,0.263013,0.0882293,0.0583082,0.0336693,0.0111007,0.00532372,0.00454755,0.00419351,0.000654724,0.000516773,0.000209641,0.000278542,1.57238e-06
#[v_choice,40]
%6.24268e-06,0.000454132,0.00115701,4.54763e-05,0,0.377202,0.313174,0.115777,0.060691,0.0536322,0.0527506,0.00958933,0.00709128,0.00304057,0.00534436,4.41924e-05,0,0,0,0,0
#[v_choice,41]
%0,0,0,0,0,0,0.0399609,2.98396e-05,0.36847,0.0720854,0.0183663,0.0330581,0.0829802,0.123568,0.150574,0.0677892,0.000118757,1.34054e-05,4.83735e-13,0.0401786,0.00280761
#[v_choice,42]
%0,0,0,0,0.00173974,0.00820481,0.00121047,0.0719188,0.0211185,0.0268085,0.000420743,0.000239833,0.0549434,0.0287538,0.00499529,0.000926693,0.0515622,0.0271218,0.0866817,0.15912,0.454234
#[v_choice,43]
%0.000641139,0.00107815,0.0109149,0.0339509,0.0250661,0.117289,0.160869,0.163871,0.236066,0.0600254,0.105605,0.0373168,0.0200678,0.0110988,0.00562922,0.00818032,0.000872044,0.000753699,0.000308471,0.000393972,2.5089e-06
#[v_choice,44]
%0,0,0.0085375,0.0137906,0.16606,0.140458,0.112331,0.387346,0.169754,0.00172351,0,0,0,0,0,0,0,0,0,0,0
#[v_choice,45]
%0.00105382,0.00208385,0.0124194,0.00904608,0.0029538,0.0889339,0.133985,0.130557,0.330956,0.115696,0.0829806,0.0490554,0.0165776,0.00809939,0.00676999,0.00634088,0.000986578,0.000783876,0.000314473,0.000404455,1.95226e-06
#[v_choice,46]
%0,0,5.47873e-06,1.26901e-05,0.0805588,0.135988,0.136022,0.345161,0.121035,0.0870812,0.0515683,0.0175549,0.00853398,0.00711077,0.00667606,0.00105551,0.000833824,0.000331121,0.000469116,2.22844e-06,0
#[v_choice,47]
%0.000699197,3.77331e-05,0.00755631,0.0499332,0.0537651,0.123298,0.111902,0.205003,0.073927,0.136218,0.113629,0.0160059,0.0378696,0.0342883,0.0134024,0.0059684,0.0116643,0.00483198,0,0,0
#[v_choice,48]
%0.000168848,0.0135731,0.0594779,0.154385,0.175393,0.264646,0.137828,0.075045,0.0442087,0.0378391,0.0150518,0.0117568,0.0063931,0.00137452,0.00134322,0.000549181,0.000957445,9.13886e-06,0,0,0
#[v_choice,49]
%0.000238269,0.000253052,0.000901759,0.400103,0.173086,0.140583,0.136204,0.0571162,0.0461355,0.0256376,0.00585091,0.00571226,0.00256734,0.0055424,6.85239e-05,0,0,0,0,0,0
#[v_choice,50]
%0.00116414,0.00180862,0.00906085,0.0684408,0.117998,0.216908,0.218903,0.134247,0.134149,0.041181,0.0276698,0.0160036,0.00531533,0.00250979,0.00198972,0.00183848,0.000296726,0.000259299,0.000107126,0.000148857,8.6368e-07
#[v_choice,51]
%3.96749e-06,0.000767411,0.0722721,0.13156,0.188028,0.261677,0.179157,0.0637719,0.0327978,0.0287318,0.027944,0.00507056,0.00376375,0.00160725,0.00282606,2.13871e-05,0,0,0,0,0
#[v_choice,52]
%0.000238158,0.000872922,0.00785939,0.151817,0.189383,0.124985,0.110843,0.051487,0.207366,0.0709066,0.0462775,0.0221782,0.00693583,0.00318215,0.00251331,0.00226078,0.00035461,0.000280442,0.000112583,0.000146095,6.49717e-07
#[v_choice,53]
%0,1.39353e-05,9.55928e-05,0.00851396,0.0757449,0.522688,0.180138,0.115434,0.0555907,0.0175823,0.00829802,0.00672267,0.00626864,0.00111589,0.000847214,0.000360805,0.00058078,4.12653e-06,0,0,0
#[v_choice,54]
%0,1.39392e-05,9.55684e-05,0.00850483,0.0757214,0.522667,0.180276,0.115457,0.0555638,0.0175488,0.00827529,0.0067081,0.00626531,0.00111541,0.000846262,0.000360028,0.000578044,4.09805e-06,0,0,0
#[v_choice,55]
%4.67405e-06,3.15179e-06,2.19131e-05,0.00310994,0.111097,0.0902232,0.453339,0.155122,0.101332,0.0494244,0.0155035,0.00722997,0.00581341,0.00534068,0.000947078,0.000712418,0.00029291,0.00047894,3.44986e-06,0,0
#[v_choice,56]
%3.97087e-06,0.000768602,0.0723743,0.131772,0.188142,0.261596,0.179046,0.063712,0.032714,0.0286656,0.0279291,0.00507375,0.00376058,0.00160363,0.00281664,2.13549e-05,0,0,0,0,0
#[v_choice,57]
%0,0,0,0.0208681,0.037876,1.48528e-05,6.33796e-07,0.0766989,0.0537314,0.0910735,0.384802,0.000714337,1.44778e-05,0.000787511,0.000204731,0.177312,0.0836759,0.0031605,0.0298809,0.000970557,0.0382133
#[v_choice,58]
%0,0,0,0,0.0215628,0.0319694,0.000131589,0.155558,0.1404,0.0149243,0.0890154,0.0312347,0.0229578,1.06733e-05,0.00218591,0.00855363,0.0117477,0.000119835,0.0450251,0.0599677,0.364635
#[v_choice,59]
%0,0,0,0,1.38218e-15,2.58645e-16,3.20795e-14,6.87638e-13,0,2.81023e-05,0.00120377,6.03186e-07,0,0,0,0,0,0.0132364,2.892e-05,0.862351,0.123151
#[v_choice,60]
%0,0,0,0,0,0,8.16607e-06,1.5096e-06,0.00420794,0.013256,0.311023,0.256688,0.226348,0.12249,0.0245304,0.0181366,0.00808512,0.0150664,0.000157914,0,0
@d_5_del
$Dim[2,21]
#[d_gene,0]
%0.0143447,0.00916472,0.0693608,0.0307279,0.131304,0.10989,0.144461,0.109754,0.145827,0.069385,0.0403966,0.0226345,0.0132397,0.0215146,0.00545891,0.0176317,0.0449035,0,0,0,0
#[d_gene,1]
%0.00176926,0.00815365,0.0498789,0.0250991,0.0922413,0.110627,0.165065,0.100437,0.166359,0.0849757,0.061438,0.0531825,0.0364276,0.0250511,0.0172369,0.000414682,0.00061675,0.00102666,0,0,0
@d_3_del
$Dim[2,21,21]
#[d_gene,0],[d_5_del,0]
%0,0,0.000748982,0.00105859,0.00642075,0.00114616,0.0132812,0.0252237,0.00243329,0.00441238,0.0145442,0.0022923,0.000809521,1.92608e-05,1.78429e-06,3.25057e-05,0.000371597,0.0015372,0.0326,0.123582,0.769484
#[d_gene,0],[d_5_del,1]
%4.93663e-06,5.15273e-06,0.00193729,0.00336356,0.0161851,0.00553634,0.0494608,0.0900665,0.00800659,0.0474788,0.15442,0.0257368,0.0096031,0.000121249,0.00013066,0.00143583,0.0134177,0.0337873,0.0694208,0.469882,0
#[d_gene,0],[d_5_del,2]
%0.000139597,0.000385132,0.00304609,0.00507564,0.039198,0.0140843,0.112788,0.224314,0.0210339,0.130187,0.355555,0.0402844,0.0127785,0.000116004,5.91749e-05,0.00015869,0.00266408,0.0051624,0.0329698,0,0
#[d_gene,0],[d_5_del,3]
%8.93185e-05,0.000218399,0.00418013,0.00553832,0.038043,0.01572,0.0875244,0.143298,0.0152951,0.144403,0.40105,0.0588449,0.0367516,0.000330568,0.000118416,0.000383328,0.00536241,0.0428481,0,0,0
#[d_gene,0],[d_5_del,4]
%6.3179e-06,0.000238889,0.00680295,0.00701115,0.0436844,0.0198472,0.113689,0.173592,0.0186233,0.16139,0.341946,0.0602486,0.0472631,0.000202599,8.58848e-06,0.000144923,0.00530044,0,0,0,0
#[d_gene,0],[d_5_del,5]
%4.9849e-07,0.000231111,0.00571923,0.00582305,0.0400761,0.0228258,0.095993,0.181473,0.0241675,0.165709,0.277809,0.050586,0.124763,0.00147532,0.000651572,0.00269644,0,0,0,0,0
#[d_gene,0],[d_5_del,6]
%1.81903e-05,0.000146356,0.00581088,0.00856442,0.0487407,0.0275391,0.103078,0.224078,0.0374238,0.21152,0.255722,0.0732518,0.00357682,0.000106934,0.000422991,0,0,0,0,0,0
#[d_gene,0],[d_5_del,7]
%2.03187e-06,0.000312302,0.0127186,0.0153704,0.055327,0.0298803,0.13555,0.249674,0.0308609,0.130331,0.325449,0.0138861,0.000541496,9.62724e-05,0,0,0,0,0,0,0
#[d_gene,0],[d_5_del,8]
%1.15057e-05,0.000208801,0.0129929,0.0165399,0.0714193,0.0365314,0.158018,0.311056,0.0487806,0.328341,0.0153711,0.000711161,1.82749e-05,0,0,0,0,0,0,0,0
#[d_gene,0],[d_5_del,9]
%2.57056e-05,0.000348159,0.0109552,0.0244957,0.0635887,0.0683179,0.208534,0.315184,0.266004,0.0407911,0.00168661,6.95111e-05,0,0,0,0,0,0,0,0,0
#[d_gene,0],[d_5_del,10]
%0.000103054,0.00509959,0.173438,0.0824697,0.0872006,0.189778,0.230386,0.215829,0.0129458,0.00231555,0.000434928,0,0,0,0,0,0,0,0,0,0
#[d_gene,0],[d_5_del,11]
%2.92086e-05,0.000728565,0.0573238,0.0486095,0.0763293,0.409591,0.383886,0.012054,0.00443642,0.00701191,0,0,0,0,0,0,0,0,0,0,0
#[d_gene,0],[d_5_del,12]
%0.00019237,0.00179866,0.023099,0.0327834,0.218974,0.654773,0.0308277,0.0108444,0.0267075,0,0,0,0,0,0,0,0,0,0,0,0
#[d_gene,0],[d_5_del,13]
%0,0.000998275,0.0052246,0.0138916,0.856023,0.0230616,0.0157449,0.0850563,0,0,0,0,0,0,0,0,0,0,0,0,0
#[d_gene,0],[d_5_del,14]
%0,0,0.00388099,0.00422269,0.151264,0.0893544,0.751278,0,0,0,0,0,0,0,0,0,0,0,0,0,0
#[d_gene,0],[d_5_del,15]
%0,0,0,0.0309094,0.303899,0.665191,0,0,0,0,0,0,0,0,0,0,0,0,0,0,0
#[d_gene,0],[d_5_del,16]
%0,0,0,0,1,0,0,0,0,0,0,0,0,0,0,0,0,0,0,0,0
#[d_gene,0],[d_5_del,17]
%0,0,0,0,0,0,0,0,0,0,0,0,0,0,0,0,0,0,0,0,0
#[d_gene,0],[d_5_del,18]
%0,0,0,0,0,0,0,0,0,0,0,0,0,0,0,0,0,0,0,0,0
#[d_gene,0],[d_5_del,19]
%0,0,0,0,0,0,0,0,0,0,0,0,0,0,0,0,0,0,0,0,0
#[d_gene,0],[d_5_del,20]
%0,0,0,0,0,0,0,0,0,0,0,0,0,0,0,0,0,0,0,0,0
#[d_gene,1],[d_5_del,0]
%0,4.82784e-08,2.7101e-05,0.061608,0.00833536,0.0376206,0.0850017,0.161803,0.0423041,0.0203362,0.0250458,0.0320824,0.0502052,0.00806984,7.12134e-05,6.57455e-06,0.000431624,0.00760658,0.0449007,0.204764,0.209779
#[d_gene,1],[d_5_del,1]
%0,0.000225206,0.000166377,0.0354686,0.00813833,0.0350683,0.065115,0.0817177,0.0384167,0.0272316,0.026968,0.0455005,0.0401838,0.0151476,0.000113858,0.000125001,0.00315758,0.0300153,0.110467,0.102161,0.334613
#[d_gene,1],[d_5_del,2]
%0,1.99027e-05,0.000611335,0.0664488,0.0177657,0.098696,0.208915,0.18527,0.128425,0.0526302,0.0315177,0.0413133,0.0840922,0.0208698,0.000149478,0.000230663,0.000591036,0.015963,0.0168777,0.0296122,0
#[d_gene,1],[d_5_del,3]
%0,5.99189e-05,0.000906236,0.072097,0.0189477,0.112578,0.201231,0.122332,0.0842866,0.0550941,0.0376712,0.0524999,0.107012,0.0467742,0.000306696,0.00125549,0.00215858,0.0245493,0.060241,0,0
#[d_gene,1],[d_5_del,4]
%2.42125e-07,8.74052e-05,0.00107498,0.070495,0.0167163,0.0907368,0.205721,0.153481,0.113568,0.0550544,0.0347135,0.0384318,0.12638,0.0785125,0.000279803,5.10922e-05,0.000787908,0.0139084,0,0,0
#[d_gene,1],[d_5_del,5]
%3.63492e-06,0.000112531,0.000355637,0.0812072,0.025463,0.122556,0.198132,0.141906,0.100277,0.0571942,0.0303076,0.0209416,0.0753111,0.138865,0.00138593,0.00119058,0.004791,0,0,0,0
#[d_gene,1],[d_5_del,6]
%3.54097e-07,2.89588e-05,0.000723277,0.122274,0.0420886,0.155134,0.205367,0.1429,0.118608,0.0690103,0.0327847,0.0187752,0.0878626,0.00344252,8.59974e-05,0.000914353,0,0,0,0,0
#[d_gene,1],[d_5_del,7]
%2.41534e-06,2.81005e-05,0.000460926,0.125211,0.0384647,0.14044,0.187973,0.15769,0.112377,0.0495992,0.0213479,0.139172,0.0251538,0.00190567,0.000174341,0,0,0,0,0,0
#[d_gene,1],[d_5_del,8]
%5.32069e-05,0.000186156,0.000733007,0.137507,0.0571329,0.174314,0.215048,0.162228,0.105854,0.0568997,0.0825899,0.00688163,0.000546847,2.58926e-05,0,0,0,0,0,0,0
#[d_gene,1],[d_5_del,9]
%8.77205e-05,0.000145441,0.000849631,0.135539,0.0647502,0.156287,0.17618,0.138928,0.0965216,0.199741,0.0297685,0.00116968,3.24948e-05,0,0,0,0,0,0,0,0
#[d_gene,1],[d_5_del,10]
%0.00064028,0.000671373,0.00433003,0.221338,0.118724,0.153083,0.154803,0.172938,0.162809,0.00935072,0.00117079,0.000143515,0,0,0,0,0,0,0,0,0
#[d_gene,1],[d_5_del,11]
%0.000966821,0.00533759,0.0253565,0.216445,0.176459,0.17838,0.199443,0.187812,0.00763091,0.00143572,0.000733677,0,0,0,0,0,0,0,0,0,0
#[d_gene,1],[d_5_del,12]
%0.00106566,0.00666807,0.0368022,0.116997,0.259639,0.290668,0.273931,0.0115258,0.00129627,0.00140722,0,0,0,0,0,0,0,0,0,0,0
#[d_gene,1],[d_5_del,13]
%0.00629022,0.0135417,0.0463915,0.0837748,0.421727,0.397692,0.0195207,0.00655651,0.00450582,0,0,0,0,0,0,0,0,0,0,0,0
#[d_gene,1],[d_5_del,14]
%0,0.0608797,0.134803,0.178829,0.577503,0.0303313,0.00773195,0.00992183,0,0,0,0,0,0,0,0,0,0,0,0,0
#[d_gene,1],[d_5_del,15]
%0,0,0.0161697,0.0158344,0.127869,0.221113,0.619014,0,0,0,0,0,0,0,0,0,0,0,0,0,0
#[d_gene,1],[d_5_del,16]
%0,0,0,0.0792013,0.11628,0.804518,0,0,0,0,0,0,0,0,0,0,0,0,0,0,0
#[d_gene,1],[d_5_del,17]
%0,0,0,0,1,0,0,0,0,0,0,0,0,0,0,0,0,0,0,0,0
#[d_gene,1],[d_5_del,18]
%0,0,0,0,0,0,0,0,0,0,0,0,0,0,0,0,0,0,0,0,0
#[d_gene,1],[d_5_del,19]
%0,0,0,0,0,0,0,0,0,0,0,0,0,0,0,0,0,0,0,0,0
#[d_gene,1],[d_5_del,20]
%0,0,0,0,0,0,0,0,0,0,0,0,0,0,0,0,0,0,0,0,0
@j_5_del
$Dim[19,23]
#[j_choice,0]
%1.61318e-05,0.00221973,0.0667675,0.0694702,0.197863,0.16942,0.0763749,0.133602,0.108559,0.0365701,0.0359252,0.0316441,0.0287615,0.0116151,0.0164409,0.00870494,0.00142521,0.00126568,0.00014782,0.00108002,0.000490139,7.56464e-05,0.00156076
#[j_choice,1]
%0,0,0,1.1314e-05,0.00230644,0.0631069,0.119333,0.2561,0.213207,0.0717026,0.0702591,0.0620712,0.0563159,0.0225185,0.0325687,0.017315,0.00232052,0.00259605,0.000316234,0.00221617,0.000997878,0.000159038,0.00457955
#[j_choice,2]
%0.00017417,0.00213779,0.0524901,0.0583929,0.235537,0.101501,0.150079,0.174231,0.143331,0.0343496,0.0250172,0.00329942,0.0017267,0.0012722,0.00235407,0.000876249,0.00094417,0.00151171,0.000202236,0.00317685,0.00130513,0.0032898,0.00280005
#[j_choice,3]
%0.000224478,0.00176224,0.102644,0.134718,0.333839,0.0624341,0.123822,0.102867,0.0739852,0.0129264,0.0095342,0.0128217,0.00981204,0.00551716,0.00305889,0.00333119,0.000704946,0.000918182,7.91424e-05,0.00194599,0.000555223,7.90877e-05,0.00242102
#[j_choice,4]
%0.000240743,0.00482627,0.0250778,0.0625616,0.189182,0.0731462,0.0661861,0.150834,0.160785,0.0571456,0.0802999,0.10401,0.00813149,0.00199597,0.00254455,0.00175801,0.00274959,0.000694345,0.00118031,0.00122406,0.000668591,0.00177355,0.00298439
#[j_choice,5]
%0.000240168,0.00482457,0.0250975,0.0625829,0.189534,0.0731466,0.0661205,0.150924,0.16084,0.057053,0.0801173,0.103992,0.00807916,0.00196256,0.00249514,0.00172678,0.00272962,0.000688752,0.00117937,0.00122447,0.000668689,0.00177717,0.00299516
#[j_choice,6]
%0.000148594,0.00221059,0.0414406,0.123965,0.0928436,0.0832774,0.138843,0.166277,0.0838091,0.0582293,0.0672837,0.0665947,0.0158794,0.0410821,0.00934202,0.00255035,0.000505196,0.00125863,2.50179e-06,3.15416e-05,0.00118103,0.000513047,0.00273254
#[j_choice,7]
%0,0,0,0.00287315,5.18372e-07,0.00131127,0.00449586,7.09556e-07,0,0.00268704,0.000607031,0.00433673,0.00457407,0.008795,0.00866569,0.00213587,0.0126217,3.44145e-05,0.000596947,0.0206657,0.586994,0.150691,0.187913
#[j_choice,8]
%0,0,0,0,0,0,0,0,0,0,0,0,0,0,0,0,0,0,0,0.0139977,0.0141908,0.0600621,0.911749
#[j_choice,9]
%0.000223612,0.00107197,0.0480999,0.0445219,0.131981,0.0330854,0.0381849,0.116021,0.133054,0.119379,0.0571982,0.14669,0.0596024,0.0242888,0.0226632,0.0107892,0.00124363,0.00370547,0.00473746,0.000314848,0.000552737,0.000454267,0.00213715
#[j_choice,10]
%0,0,0,0.00369389,3.70734e-07,0.055646,0.0011607,0.00527153,0.00569233,0.0151787,0.0256446,0.0216107,0.0111161,0.0205007,0.0324528,8.93896e-05,0.0293053,0.0536173,0.0808019,0.0466578,0.0208014,0.0574338,0.513325
#[j_choice,11]
%0.000791242,0.00171481,0.0124371,0.0269849,0.0830839,0.163934,0.0836916,0.189231,0.13116,0.0719979,0.0976885,0.100653,0.014749,0.00633768,0.00282867,0.0031791,0.00258154,0.00107275,0.000848018,0.000907234,0.0011627,0.00132866,0.00163673
#[j_choice,12]
%5.96448e-06,0.000834474,0.0128751,0.0526528,0.187854,0.155703,0.143364,0.186842,0.165604,0.0255018,0.0357544,0.0119764,0.00276964,0.00147895,0.00091211,0.00173069,0.000194302,0.000660537,0.00113355,0.000632384,0.00236534,0.0018731,0.00728105
#[j_choice,13]
%0.000188521,0.0245442,0.146302,0.168142,0.0823962,0.204335,0.119645,0.102738,0.0581241,0.026757,0.0312022,0.0119924,0.00945802,0.00462773,0.00443688,0.000396999,0.000542414,0.000692633,0.000639194,0.000776266,1.59933e-05,0.000368784,0.00167899
#[j_choice,14]
%0.000242114,0.00612989,0.0680412,0.132175,0.122551,0.121296,0.122545,0.102322,0.108788,0.0655024,0.051339,0.04988,0.0291416,0.00325523,0.00941582,0.001304,0.00153539,0.000804246,0.000986131,0.000426248,0.000170577,0.000744465,0.00140355
#[j_choice,15]
%0.000309639,0.00188226,0.0582466,0.0863386,0.0362293,0.0940353,0.163556,0.167201,0.109074,0.0945477,0.123904,0.0269988,0.020062,0.00203357,0.00650614,0.00203241,0.000518008,0.000646747,0.00130142,0.0014241,0.00031841,0.00085079,0.00198323
#[j_choice,16]
%0,0,0.0125821,1.94489e-07,3.06771e-08,0.0157931,0.0514347,0.148984,0.0407369,0.0102291,6.89428e-06,0.025798,0.00854046,0.00598774,0.0448685,0.0792084,0.0527465,0.0351195,0.010575,0.0380332,0.0286012,0.060983,0.329771
#[j_choice,17]
%0.00310437,0.0174133,0.0673595,0.00934851,0.113627,0.0255222,0.0402448,0.120488,0.264673,0.0565207,0.108974,0.127703,0.00702553,0.00692974,0.00511972,0.00613949,0.00991269,0.00286995,0.00246072,0.000950579,0.00208037,0.000103308,0.00142872
#[j_choice,18]
%0.00310443,0.0174267,0.0674572,0.00932108,0.113858,0.0255039,0.0402039,0.120539,0.264926,0.0564082,0.108898,0.127748,0.00695364,0.00682808,0.00503556,0.00609027,0.00986915,0.00284701,0.00245273,0.000945047,0.00205845,0.000102204,0.00142394
@vd_ins
$Dim[31]
#
%0.18147,0.232339,0.251001,0.166752,0.0872446,0.0407823,0.0199734,0.00951828,0.00522876,0.00257143,0.00133467,0.000762246,0.000401449,0.000204777,0.000146484,7.66636e-05,4.47518e-05,1.60073e-05,2.87406e-05,4.02631e-05,8.29744e-06,1.15714e-05,2.27094e-06,3.38464e-06,6.88898e-07,3.04545e-06,1.28683e-06,8.79902e-07,1.68973e-06,7.79827e-06,2.22988e-05
@vd_dinucl
$Dim[16]
#
%0.295274,0.234611,0.315368,0.154747,0.119631,0.558044,0.145481,0.176844,0.257147,0.216949,0.371866,0.154038,0.171288,0.415929,0.176152,0.236631
@dj_ins
$Dim[31]
#
%0.158198,0.244835,0.231344,0.152302,0.103069,0.0552542,0.0275617,0.0129808,0.00615382,0.00287986,0.00142131,0.000797775,0.00068924,0.000371356,0.000330339,0.0002675,0.000179358,0.000266729,0.000332685,0.000217841,0.000231008,0.00011458,4.66841e-05,3.70214e-05,5.90243e-06,1.58217e-05,6.95819e-06,2.1406e-05,3.25308e-05,2.67213e-05,9.03431e-06
@dj_dinucl
$Dim[16]
#
%0.346605,0.109925,0.426204,0.117265,0.221335,0.267601,0.265868,0.245196,0.269971,0.120704,0.493078,0.116247,0.272998,0.219968,0.221846,0.285188
