@v_choice
$Dim[35]
#
%0.0389657,0.0551346,0.0284255,0.0739343,0.0814772,0,0,0,0.00103381,0,0,0.0487766,0.0561566,0.0222219,0.0553955,0,0.0416478,0.0171112,0.0295539,0.0347176,0.0301187,0,0.0460205,0.0257478,0.0129972,0.0141466,0.0109766,0.0568327,0,0.0681104,0,0,0.0364381,0.00253843,0.111521
@j_choice
$Dim[14]
#
%0.0859623,0.0627462,0.0496941,0.067403,0.0286717,0.0415592,0,0.128752,0.0398596,0.0959507,0.100802,0.116925,0,0.181675
@d_gene
$Dim[14,2]
#[j_choice,0]
%0.996289,0.00371066
#[j_choice,1]
%0.992989,0.00701078
#[j_choice,2]
%0.995498,0.0045022
#[j_choice,3]
%0.992495,0.00750474
#[j_choice,4]
%0.995772,0.00422771
#[j_choice,5]
%0.989096,0.0109043
#[j_choice,6]
%0,0
#[j_choice,7]
%0.550014,0.449986
#[j_choice,8]
%0.715172,0.284828
#[j_choice,9]
%0.586058,0.413942
#[j_choice,10]
%0.577375,0.422625
#[j_choice,11]
%0.575737,0.424263
#[j_choice,12]
%0,0
#[j_choice,13]
%0.582445,0.417555
@v_3_del
$Dim[35,21]
#[v_choice,0]
%0.00375669,0,0.00767944,0.200235,0.0965558,0.127698,0.0972037,0.171204,0.16474,0.0528105,0.0430996,0.0130969,0.00539378,0.00683051,0.00351623,0,0.00617957,0,0,0,0
#[v_choice,1]
%0.000661196,0,0,0.154438,0.201381,0.0830127,0.107938,0.090123,0.24881,0.077381,0.0237204,0.00798294,0,0,0.00455125,0,0,0,0,0,0
#[v_choice,2]
%0.00084185,0.000929253,0.00747752,0.00551813,0,0.0920191,0.177729,0.146056,0.371136,0,0,0,0.163256,0,0,0.0307007,0.00433732,1.6102e-32,0,0,0
#[v_choice,3]
%0,0,0.000570752,0.0927145,0,0,0,0.555263,0.121659,0.190309,0,0,0.0289603,0,0.0105239,0,0,0,0,0,0
#[v_choice,4]
%0,0,0,0.0948244,0.0959198,0.0745741,0.0994044,0.0598363,0.453215,0.0854478,0.0241433,0.0062908,0.00300667,0,0.00123881,0,0.00209889,0,0,0,0
#[v_choice,5]
%0,0,0,0,0,0,0,0,0,0,0,0,0,0,0,0,0,0,0,0,0
#[v_choice,6]
%0,0,0,0,0,0,0,0,0,0,0,0,0,0,0,0,0,0,0,0,0
#[v_choice,7]
%0,0,0,0,0,0,0,0,0,0,0,0,0,0,0,0,0,0,0,0,0
#[v_choice,8]
%0,0,0,0,0,0,0,0,0,0,0,0,0.991265,0.0087354,0,0,0,0,0,0,0
#[v_choice,9]
%0,0,0,0,0,0,0,0,0,0,0,0,0,0,0,0,0,0,0,0,0
#[v_choice,10]
%0,0,0,0,0,0,0,0,0,0,0,0,0,0,0,0,0,0,0,0,0
#[v_choice,11]
%0,0,0.0398666,0.119901,0.0731913,0.130095,0.288912,0.103691,0.193601,0.0280304,0,0,0.0227111,0,0,0,0,0,0,0,0
#[v_choice,12]
%0,0,0.0534257,0.0463236,0.156836,0.16795,0.144158,0.255548,0.060964,0,0.0950101,0.00920725,0,0.0105773,0,0,0,0,0,0,0
#[v_choice,13]
%0,0,0.0504185,0.117752,0.0644597,0.1514,0.231485,0.12558,0.210296,0.0227371,0,0,0.0258717,0,0,0,0,0,0,0,0
#[v_choice,14]
%0,0,0.0368277,0.105381,0.104548,0.147364,0.131478,0.202233,0.0452795,0.126751,0.0686332,0,0,0.018703,0,0.00534685,0.0074551,0,0,0,0
#[v_choice,15]
%0,0,0,0,0,0,0,0,0,0,0,0,0,0,0,0,0,0,0,0,0
#[v_choice,16]
%0,0,0.0215309,0.0289988,0.0956133,0.177488,0.193573,0.219883,0.085816,0.0798557,0.0688371,0.0117504,0,0.0166546,0,0,0,0,0,0,0
#[v_choice,17]
%0,0,0,0,0,0,0.623345,0.0657517,0.0320432,0.234984,0,0.0438763,0,0,0,0,0,0,0,0,0
#[v_choice,18]
%0,0.00251078,0.0115094,0.0153683,0,0.0537459,0.234406,0.15688,0.123035,0.0373524,0.259875,0.0720083,0.0100191,0,0,0,0.0227961,0.000493463,0,0,0
#[v_choice,19]
%0,0,0,0.0954952,0.0456678,0.145997,0.109599,0.112114,0.148068,0.253874,0.0522904,0.0124968,0.0111786,0.00758565,0.00175664,0.00387712,0,0,0,0,0
#[v_choice,20]
%0.00166077,0,0.00900371,0.0984755,0.0273478,0.0756023,0.13073,0.18812,0.0869493,0.0528327,0.0845769,0.134842,0.0577401,0,0,0.0474245,0.00469411,0,0,0,0
#[v_choice,21]
%0,0,0,0,0,0,0,0,0,0,0,0,0,0,0,0,0,0,0,0,0
#[v_choice,22]
%5.52848e-05,0,0.00721894,0,0.0182947,0.154556,0.220536,0.0861192,0.113147,0.119977,0.122476,0.0156741,0.0689901,0.0138839,0.059072,0,0,0,0,0,0
#[v_choice,23]
%0,0,0.031337,0.0959355,0.0743224,0.126045,0.097518,0.183275,0.0760139,0.138695,0.114516,0.0351382,0.00604637,0.0122195,0.00893727,0,0,0,0,0,0
#[v_choice,24]
%0,0,0,0.041949,0.0372448,0.0445944,0.0654081,0,0.506651,0.0781631,0.117062,0,0.0712208,0,0,0.0377063,0,0,0,0,0
#[v_choice,25]
%0,0,0,0,0,0,0,0.790541,0,0.097275,0.0245312,0.0182553,0,0.00710495,0,0.0622925,0,0,0,0,0
#[v_choice,26]
%0,0,0.0220052,0.10717,0.101362,0.0996494,0.187584,0.109757,0.146003,0.0499739,0.118354,0.0230325,0.0198893,0.00463077,0.00538334,0.0052051,0,0,0,0,0
#[v_choice,27]
%0,0,0.0339578,0.106646,0.0697232,0.137182,0.063525,0.114419,0.274856,0.0608116,0.0852653,0.0331351,0.0204787,0,0,0,0,0,0,0,0
#[v_choice,28]
%0,0,0,0,0,0,0,0,0,0,0,0,0,0,0,0,0,0,0,0,0
#[v_choice,29]
%0,0,0.00431058,0.00641343,0.0044959,0.0893903,0.124521,0.120634,0.345755,0.0939864,0.146285,0.0460152,0.0113584,0,0.00683516,0,0,0,0,0,0
#[v_choice,30]
%0,0,0,0,0,0,0,0,0,0,0,0,0,0,0,0,0,0,0,0,0
#[v_choice,31]
%0,0,0,0,0,0,0,0,0,0,0,0,0,0,0,0,0,0,0,0,0
#[v_choice,32]
%0,0,0.0111811,0.0358154,0.0034896,0.137821,0.149672,0.162567,0.230214,0.0739988,0.19524,0,0,0,0,0,0,0,0,0,0
#[v_choice,33]
%0,0,0,0.0679031,0,0.177723,0.101699,0.215915,0.078417,0.145383,0.125018,0,0.045957,0.0419865,4.69379e-32,0,0,0,0,0,0
#[v_choice,34]
%0,0,0,0,0.317555,0.210687,0.0735696,0.201223,0.0551109,0.0486407,0.0161291,0.0250857,0.0290298,0,0.00508477,0.00425439,0.0136301,0,0,0,0
@d_5_del
$Dim[2,21]
#[d_gene,0]
%0.0153788,0.00844073,0.0719234,0.0138854,0.14943,0.105251,0.143934,0.0971928,0.126981,0.0771498,0.0762979,0.0172916,0.00850504,0.0199902,0.00122708,0,0.0671213,0,0,0,0
#[d_gene,1]
%0.000993082,0.00102351,0.0597347,0.0106689,0.107611,0.104843,0.184755,0.100633,0.193329,0.117257,0.0668877,0.0348045,0.0106147,0.00326339,0.00101937,0.00197223,0.000589557,0,0,0,0
@d_3_del
$Dim[2,21,21]
#[d_gene,0],[d_5_del,0]
%0,0,0,0,0,0,0,0.0357398,0,0,0,0,0,0,0,0,6.86961e-07,0,0,0.154802,0.809457
#[d_gene,0],[d_5_del,1]
%0,0,0,0,0,0,0,0,0,0,0,0,0,0,0,0,0.0503452,0,0,0.949655,0
#[d_gene,0],[d_5_del,2]
%0,0,0.00443721,0,0.0489045,0,0.0977078,0.255839,0,0.0791555,0.431296,0.0484312,0.0248472,0.000229738,0,1.95014e-05,2.00186e-05,0,0.00911283,0,0
#[d_gene,0],[d_5_del,3]
%0,0,0,0,0.0236039,0,0.000203553,0.089152,0,0.0548116,0.635888,0.0437549,0,0.00849563,0,0,0,0.14409,0,0,0
#[d_gene,0],[d_5_del,4]
%0,0,0.00791307,0,0.0514719,0,0.105451,0.190502,0,0.120667,0.375089,0.074204,0.0677146,0,0,0,0.00698788,0,0,0,0
#[d_gene,0],[d_5_del,5]
%0,0,0.00608349,0,0.0448847,0.000101506,0.0902843,0.191411,1.69849e-05,0.126524,0.317556,0.0623762,0.156539,0.00422382,0,0,0,0,0,0,0
#[d_gene,0],[d_5_del,6]
%0,0,0.00672394,0,0.0578627,0.000189684,0.0913311,0.24189,0.00395433,0.202375,0.28697,0.0926468,0.0160567,0,0,0,0,0,0,0,0
#[d_gene,0],[d_5_del,7]
%0,0,0.0149546,0,0.0750417,0,0.140519,0.268785,0.0268589,0.118053,0.335673,0.0201144,0,0,0,0,0,0,0,0,0
#[d_gene,0],[d_5_del,8]
%0,0,0.0162343,0,0.0970432,0.000500819,0.142537,0.371619,0.016865,0.24714,0.108061,0,0,0,0,0,0,0,0,0,0
#[d_gene,0],[d_5_del,9]
%0,0.00105006,0.0164141,0,0.0797558,0.0218873,0.182297,0.431595,0.0882208,0.17878,8.53874e-25,0,0,0,0,0,0,0,0,0,0
#[d_gene,0],[d_5_del,10]
%0,0,0.0367323,0.0140068,0.10357,0.163194,0.321706,0.282571,0.0782198,0,0,0,0,0,0,0,0,0,0,0,0
#[d_gene,0],[d_5_del,11]
%0,0.000160018,0.0569755,0.0148272,0.153714,0.675357,0,0.0989667,0,0,0,0,0,0,0,0,0,0,0,0,0
#[d_gene,0],[d_5_del,12]
%0,0,0.0196635,0,0.869889,0,0.110448,0,0,0,0,0,0,0,0,0,0,0,0,0,0
#[d_gene,0],[d_5_del,13]
%0,0,0,0,0.987678,0.0123215,0,0,0,0,0,0,0,0,0,0,0,0,0,0,0
#[d_gene,0],[d_5_del,14]
%0,0,0,0,1,0,0,0,0,0,0,0,0,0,0,0,0,0,0,0,0
#[d_gene,0],[d_5_del,15]
%0,0,0,0,0,0,0,0,0,0,0,0,0,0,0,0,0,0,0,0,0
#[d_gene,0],[d_5_del,16]
%0,0,0,0,1,0,0,0,0,0,0,0,0,0,0,0,0,0,0,0,0
#[d_gene,0],[d_5_del,17]
%0,0,0,0,0,0,0,0,0,0,0,0,0,0,0,0,0,0,0,0,0
#[d_gene,0],[d_5_del,18]
%0,0,0,0,0,0,0,0,0,0,0,0,0,0,0,0,0,0,0,0,0
#[d_gene,0],[d_5_del,19]
%0,0,0,0,0,0,0,0,0,0,0,0,0,0,0,0,0,0,0,0,0
#[d_gene,0],[d_5_del,20]
%0,0,0,0,0,0,0,0,0,0,0,0,0,0,0,0,0,0,0,0,0
#[d_gene,1],[d_5_del,0]
%0,0,0,0,0,0,0,0,0.622708,0.0124546,0,0,0,0,0,0,0,0,0,0.364838,0
#[d_gene,1],[d_5_del,1]
%0,0,0,0,0,0,0,0,0,0,0,0,0.841042,0,0,0,0,0.158958,0,0,0
#[d_gene,1],[d_5_del,2]
%0,0,0.0335188,0.010366,0.0367141,0,0.154542,0.179683,0.221516,0.155233,0.0543926,0.0349251,0.0623351,0.0236862,0.0203884,0.000173824,0,0.00397663,0,0,0.00854928
#[d_gene,1],[d_5_del,3]
%0,0,0,0,0,0,0,0.452767,0.0924598,0,0.200065,0,0.244438,0,0,0.0102708,0,0,0,0,0
#[d_gene,1],[d_5_del,4]
%0,0,0.0351425,0,0.0627563,0,0,0.314928,0.19258,0.154204,0.0456682,0.0392743,0.0755198,0.0307675,0.015215,0,0,0,0.0339445,0,0
#[d_gene,1],[d_5_del,5]
%0,0,0.0348587,0.00967659,0.0498225,0,0.201894,0.204452,0.192817,0.118046,0.0723636,0.0341799,0.046862,0.0341261,0.000901446,0,0,0,0,0,0
#[d_gene,1],[d_5_del,6]
%0,0,0.0521719,0.0107256,0.0686076,0,0.199207,0.215172,0.153164,0.133367,0.0793375,0.0347344,0.0380576,0.00967955,0.00577633,0,0,0,0,0,0
#[d_gene,1],[d_5_del,7]
%0,0,0.0571191,0.0144889,0.0663712,0,0.169351,0.197437,0.202148,0.12249,0.0734425,0.0500783,0,0.0470748,0,0,0,0,0,0,0
#[d_gene,1],[d_5_del,8]
%0,0,0.0518204,0.0109706,0.0756986,0.0248408,0.190806,0.216368,0.162583,0.121531,0.0497367,0,0.0956446,0,0,0,0,0,0,0,0
#[d_gene,1],[d_5_del,9]
%0,0,0.0478081,0.0100375,0.053247,0.049503,0.15712,0.125099,0.143891,0.168019,0.178475,0.0455873,0.0212136,0,0,0,0,0,0,0,0
#[d_gene,1],[d_5_del,10]
%0,0,0.130378,0.0394056,0.154169,0,0,0.449413,0.222053,0,0.0045825,0,0,0,0,0,0,0,0,0,0
#[d_gene,1],[d_5_del,11]
%0,0.00442099,0.159918,0.0318561,0.396479,0,0.278557,0.128769,0,0,0,0,0,0,0,0,0,0,0,0,0
#[d_gene,1],[d_5_del,12]
%0,0,0.0318775,0,7.29497e-06,0.72154,0.246575,0,0,0,0,0,0,0,0,0,0,0,0,0,0
#[d_gene,1],[d_5_del,13]
%0,0,0.221651,0,3.37035e-25,0.778349,0,0,0,0,0,0,0,0,0,0,0,0,0,0,0
#[d_gene,1],[d_5_del,14]
%0,0,0.455599,0,0.544401,0,0,0,0,0,0,0,0,0,0,0,0,0,0,0,0
#[d_gene,1],[d_5_del,15]
%0,0,0,0,1,0,0,0,0,0,0,0,0,0,0,0,0,0,0,0,0
#[d_gene,1],[d_5_del,16]
%0,0,0,0,1,0,0,0,0,0,0,0,0,0,0,0,0,0,0,0,0
#[d_gene,1],[d_5_del,17]
%0,0,0,0,0,0,0,0,0,0,0,0,0,0,0,0,0,0,0,0,0
#[d_gene,1],[d_5_del,18]
%0,0,0,0,0,0,0,0,0,0,0,0,0,0,0,0,0,0,0,0,0
#[d_gene,1],[d_5_del,19]
%0,0,0,0,0,0,0,0,0,0,0,0,0,0,0,0,0,0,0,0,0
#[d_gene,1],[d_5_del,20]
%0,0,0,0,0,0,0,0,0,0,0,0,0,0,0,0,0,0,0,0,0
@j_5_del
$Dim[14,23]
#[j_choice,0]
%0,0,0,0,0.231418,0.095712,0.130037,0.170523,0.145563,0.0462066,0.0482801,0.043486,0.0887747,0,0,0,0,0,0,0,0,0,0
#[j_choice,1]
%0,0,0.0568771,0.0439818,0.253974,0.0946104,0.148974,0.183485,0.147169,0.0331008,0.0250574,0.00319179,0.00141682,0.00816221,8.73726e-16,0,0,0,0,0,0,0,0
#[j_choice,2]
%0,0,0.100921,0.126141,0.350488,0.0559822,0.129111,0.100735,0.0738291,0.0110309,0.0110874,0.0123821,0.00983013,0.00558727,0.00397188,0.00890398,0,0,0,0,0,0,0
#[j_choice,3]
%0,0,0.0300284,0.0563383,0.197614,0.072757,0.06305,0.153794,0.161203,0.053576,0.0803596,0.104661,0.0080963,0,0.00513908,0.00216648,0.00289291,0,0.00832331,0,0,0,0
#[j_choice,4]
%0,0,0.044545,0.116792,0.0981837,0.076776,0.140025,0.167612,0.080527,0.0569063,0.066239,0.0675777,0.0140153,0.041339,0.0138796,0,0,0.0155817,0,0,0,0,0
#[j_choice,5]
%0,0,0.0535968,0.0292147,0.145109,0.0324025,0.0370779,0.121579,0.131209,0.118854,0.0574572,0.148282,0.0590882,0.0236414,0.0236996,0.0187882,0,0,0,0,0,0,0
#[j_choice,6]
%0,0,0,0,0,0,0,0,0,0,0,0,0,0,0,0,0,0,0,0,0,0,0
#[j_choice,7]
%0.000494713,0.0018204,0.0136114,0.0204656,0.0907545,0.162116,0.0769291,0.20166,0.128626,0.0695823,0.0993906,0.101697,0.0141828,0.00588697,0.00223628,0.0105466,2.29847e-29,4.11706e-34,0,0,0,0,0
#[j_choice,8]
%0,0,0.0143559,0.0379666,0.201126,0.145826,0.139098,0.184516,0.164347,0.0262211,0.0366283,0.0118272,0.00269768,0,0.00427048,0,0,0,0,0,0,0.0211596,0.00996127
#[j_choice,9]
%0,0.000764638,0.176714,0.164821,0.075732,0.207684,0.122472,0.101241,0.059369,0.0256778,0.0320159,0.0123016,0.00936716,0.00447709,0.00736281,0,0,0,0,0,0,0,0
#[j_choice,10]
%0,0,0.0773828,0.130185,0.120148,0.121431,0.126823,0.10491,0.106029,0.0665696,0.0521152,0.0501379,0.0295456,0.00197042,0.0127518,0,0,0,0,0,0,0,0
#[j_choice,11]
%0,0,0.0572146,0.0857593,0.0276018,0.092985,0.164112,0.162194,0.101601,0.0945553,0.120701,0.0250079,0.0187551,0.000728451,0.00961025,0,0,0,0,0,0,0.0391739,0
#[j_choice,12]
%0,0,0,0,0,0,0,0,0,0,0,0,0,0,0,0,0,0,0,0,0,0,0
#[j_choice,13]
%0,0.00763186,0.0826134,0,0.122215,0.02331,0.0401896,0.125878,0.263201,0.0518267,0.110663,0.13147,0.00998072,0,0,0,0,0.0310211,0,0,0,0,0
@vd_ins
$Dim[31]
#
%0.156273,0.225169,0.254451,0.174483,0.0977496,0.0456174,0.0218877,0.011621,0.00543158,0.00276636,0.00170512,0.000795388,0.00204971,0,0,0,0,0,0,0,0,0,0,0,0,0,0,0,0,0,0
@vd_dinucl
$Dim[16]
#
%0.330078,0.21067,0.327853,0.131399,0.148236,0.541509,0.139814,0.170442,0.254779,0.259386,0.329212,0.156623,0.179325,0.434233,0.165174,0.221268
@dj_ins
$Dim[31]
#
%0.105115,0.271271,0.246711,0.154258,0.107263,0.0562545,0.0287499,0.0146307,0.00724978,0.00288139,0.00218715,0.00342806,0,0,0,0,0,0,0,0,0,0,0,0,0,0,0,0,0,0,0
@dj_dinucl
$Dim[16]
#
%0.33207,0.0997241,0.458641,0.109565,0.222624,0.258704,0.280707,0.237966,0.253781,0.101395,0.530748,0.114076,0.264444,0.199952,0.268729,0.266875
