@v_choice
$Dim[35]
#
%0.0323294,0.0419045,0.0203539,0.0620074,0.0635898,0,0,0,0.000921656,0,0,0.0401011,0.0510892,0.0183319,0.0620405,0,0.0380578,0.0168908,0.0332129,0.0410646,0.0214121,0,0.0649873,0.016619,0.0138969,0.0190288,0.0141244,0.0756227,0,0.0866833,0,0,0.0346787,0.00303834,0.128013
@j_choice
$Dim[14]
#
%0.0990381,0.075288,0.061656,0.0830776,0.0296746,0.0463525,0,0.125429,0.0324093,0.0820461,0.0881859,0.106868,0,0.169975
@d_gene
$Dim[14,2]
#[j_choice,0]
%0.995852,0.00414815
#[j_choice,1]
%0.993593,0.00640716
#[j_choice,2]
%0.996541,0.00345909
#[j_choice,3]
%0.993842,0.00615818
#[j_choice,4]
%0.996296,0.00370361
#[j_choice,5]
%0.989662,0.0103381
#[j_choice,6]
%0,0
#[j_choice,7]
%0.55067,0.44933
#[j_choice,8]
%0.717797,0.282203
#[j_choice,9]
%0.592801,0.407199
#[j_choice,10]
%0.589742,0.410258
#[j_choice,11]
%0.574293,0.425707
#[j_choice,12]
%0,0
#[j_choice,13]
%0.577313,0.422687
@v_3_del
$Dim[35,21]
#[v_choice,0]
%0.00404409,0,0.00782988,0.208263,0.0963233,0.124194,0.0990476,0.161879,0.153805,0.0609378,0.0448828,0.0124074,0.00624204,0.00741118,0.00475312,0,0.00797929,0,0,0,0
#[v_choice,1]
%0.00160752,0,0,0.147941,0.199219,0.0724613,0.10307,0.077029,0.270883,0.0809235,0.0290165,0.0119809,0,0,0.00586889,0,0,0,0,0,0
#[v_choice,2]
%0.00022777,0.00167356,0.0018574,0.0062184,0,0.0641642,0.128611,0.111831,0.39138,0,0,0,0.238988,0,0,0.0468411,0.00665815,0.00154858,0,0,0
#[v_choice,3]
%0,0,0.000509845,0.0880932,0,0,0,0.565841,0.116556,0.179862,0,0,0.0360549,0,0.0130839,0,0,0,0,0,0
#[v_choice,4]
%0,0,0,0.088459,0.092404,0.0634069,0.0924388,0.0497945,0.480506,0.0870084,0.0287693,0.00920745,0.00393146,0,0.00155386,0,0.00252043,0,0,0,0
#[v_choice,5]
%0,0,0,0,0,0,0,0,0,0,0,0,0,0,0,0,0,0,0,0,0
#[v_choice,6]
%0,0,0,0,0,0,0,0,0,0,0,0,0,0,0,0,0,0,0,0,0
#[v_choice,7]
%0,0,0,0,0,0,0,0,0,0,0,0,0,0,0,0,0,0,0,0,0
#[v_choice,8]
%0,0,0,0,0,0,0,0,0,0,0,0,1,5.31841e-43,0,0,0,0,0,0,0
#[v_choice,9]
%0,0,0,0,0,0,0,0,0,0,0,0,0,0,0,0,0,0,0,0,0
#[v_choice,10]
%0,0,0,0,0,0,0,0,0,0,0,0,0,0,0,0,0,0,0,0,0
#[v_choice,11]
%0,0,0.0403393,0.11083,0.0728014,0.123607,0.289573,0.114931,0.196116,0.0232411,0,0,0.0285612,0,0,0,0,0,0,0,0
#[v_choice,12]
%0,0,0.0490923,0.0484851,0.156071,0.164943,0.138622,0.236533,0.062235,0,0.121126,0.0108404,0,0.0120522,0,0,0,0,0,0,0
#[v_choice,13]
%0,0,0.0508417,0.108473,0.0638995,0.14336,0.231222,0.138706,0.212287,0.0187856,0,0,0.032426,0,0,0,0,0,0,0,0
#[v_choice,14]
%0,0,0.0426878,0.10295,0.115577,0.144928,0.141607,0.201074,0.051015,0.113909,0.0605329,0,0,0.0160293,0,0.00440308,0.00528594,0,0,0,0
#[v_choice,15]
%0,0,0,0,0,0,0,0,0,0,0,0,0,0,0,0,0,0,0,0,0
#[v_choice,16]
%0,0,0.0196946,0.0302151,0.094719,0.173541,0.18532,0.202593,0.0872119,0.0866546,0.0873909,0.0137703,0,0.0188901,0,0,0,0,0,0,0
#[v_choice,17]
%0,0,0,0,0,0,0.593584,0.0756516,0.0363005,0.243616,0,0.0508483,0,0,0,0,0,0,0,0,0
#[v_choice,18]
%0,0.00326082,0.0100626,0.0139448,0,0.0490882,0.264468,0.144367,0.129976,0.0387046,0.239436,0.0758818,0.00965483,0,0,0,0.0211545,8.90116e-13,0,0,0
#[v_choice,19]
%0,0,0,0.0977359,0.0506962,0.132483,0.122601,0.100908,0.154021,0.255084,0.0482241,0.0118993,0.0130379,0.00617181,0.00230609,0.0048325,0,0,0,0,0
#[v_choice,20]
%0.00352667,0,0.0111881,0.0796804,0.0228435,0.0573692,0.129723,0.161672,0.0749582,0.0518806,0.106637,0.173922,0.0697546,0,0,0.0516292,0.00521555,0,0,0,0
#[v_choice,21]
%0,0,0,0,0,0,0,0,0,0,0,0,0,0,0,0,0,0,0,0,0
#[v_choice,22]
%0.000198333,0,0.00872474,0,0.0220615,0.184641,0.268283,0.0975473,0.109617,0.0883522,0.103,0.0119359,0.0509793,0.0104098,0.0442496,0,0,0,0,0,0
#[v_choice,23]
%0,0,0.0281184,0.0958316,0.0825315,0.107818,0.117092,0.191193,0.0747215,0.138426,0.100442,0.0327873,0.00663732,0.0136933,0.010708,0,0,0,0,0,0
#[v_choice,24]
%0,0,0,0.0523677,0.0379094,0.0620065,0.0945676,0,0.494156,0.068754,0.105245,0,0.0571699,0,0,0.0278232,0,0,0,0,0
#[v_choice,25]
%0,0,0,0,0,0,0,0.835308,0,0.0789478,0.0197837,0.0161882,0,0.00957681,0,0.0401954,0,0,0,0,0
#[v_choice,26]
%0,0,0.0193179,0.10072,0.109599,0.118579,0.175259,0.117693,0.138885,0.0561069,0.102396,0.0220044,0.0202763,0.00861363,0.00068789,0.00986175,0,0,0,0,0
#[v_choice,27]
%0,0,0.0401292,0.110732,0.07396,0.143827,0.0591867,0.122561,0.274639,0.0600287,0.0681701,0.0298523,0.0169144,0,0,0,0,0,0,0,0
#[v_choice,28]
%0,0,0,0,0,0,0,0,0,0,0,0,0,0,0,0,0,0,0,0,0
#[v_choice,29]
%0,0,0.0023554,0.00514529,0.00416139,0.0949764,0.120767,0.135,0.360634,0.0963183,0.121918,0.0432807,0.00974148,0,0.00570174,0,0,0,0,0,0
#[v_choice,30]
%0,0,0,0,0,0,0,0,0,0,0,0,0,0,0,0,0,0,0,0,0
#[v_choice,31]
%0,0,0,0,0,0,0,0,0,0,0,0,0,0,0,0,0,0,0,0,0
#[v_choice,32]
%0,0,0.0109068,0.0341297,0.00214786,0.134347,0.159021,0.156534,0.245394,0.0691542,0.188366,0,0,0,0,0,0,0,0,0,0
#[v_choice,33]
%0,0,0,0.0826641,0,0.163409,0.116018,0.184975,0.0990651,0.158748,0.123467,0,0.0357597,0.0358947,4.42684e-32,0,0,0,0,0,0
#[v_choice,34]
%0,0,0,0,0.314562,0.210918,0.0790726,0.205871,0.0522667,0.047309,0.0160283,0.0259582,0.029746,0,0.00491647,0.00316051,0.0101915,0,0,0,0
@d_5_del
$Dim[2,21]
#[d_gene,0]
%0.0147803,0.00720339,0.0756275,0.0131088,0.149692,0.105929,0.143414,0.0963273,0.123021,0.078122,0.0773374,0.0180352,0.00781948,0.0213602,0.00130049,0,0.0669232,0,0,0,0
#[d_gene,1]
%0.000919444,0.000749704,0.0611603,0.0113075,0.10173,0.107925,0.18632,0.0948699,0.194598,0.121042,0.0677385,0.0340566,0.0105515,0.00335463,0.00094359,0.00213082,0.000601862,0,0,0,0
@d_3_del
$Dim[2,21,21]
#[d_gene,0],[d_5_del,0]
%0,0,0,0,0,0,0,0.02655,0,0,0,0,0,0,0,0,8.31848e-06,0,0,0.142856,0.830586
#[d_gene,0],[d_5_del,1]
%0,0,0,0,0,0,0,0,0,0,0,0,0,0,0,0,0.0566859,0,0,0.943314,0
#[d_gene,0],[d_5_del,2]
%0,0,0.0065076,0,0.0442552,0,0.10649,0.244756,0,0.0808329,0.441571,0.0477031,0.0201471,0.000209699,0,3.06996e-05,1.99671e-05,0,0.00747715,0,0
#[d_gene,0],[d_5_del,3]
%0,0,0,0,0.0193735,0,0.000215856,0.0940511,0,0.0512514,0.645331,0.0344949,0,0.00733699,0,0,0,0.147945,0,0,0
#[d_gene,0],[d_5_del,4]
%0,0,0.00595768,0,0.0506575,0,0.104344,0.201257,0,0.119495,0.383443,0.0633387,0.0608301,0,0,0,0.0106771,0,0,0,0
#[d_gene,0],[d_5_del,5]
%0,0,0.00542635,0,0.042369,0.000227549,0.0952615,0.19354,2.30746e-05,0.124644,0.319566,0.0612025,0.152106,0.00563328,0,0,0,0,0,0,0
#[d_gene,0],[d_5_del,6]
%0,0,0.00592858,0,0.0516937,0.00027914,0.0902474,0.257478,0.00419798,0.196271,0.290286,0.0883691,0.0152488,0,0,0,0,0,0,0,0
#[d_gene,0],[d_5_del,7]
%0,0,0.0140487,0,0.0792115,0,0.133159,0.275653,0.028686,0.115748,0.332631,0.0208627,0,0,0,0,0,0,0,0,0
#[d_gene,0],[d_5_del,8]
%0,0,0.0176159,0,0.101167,0.000579357,0.14599,0.364651,0.0180236,0.245979,0.105994,0,0,0,0,0,0,0,0,0,0
#[d_gene,0],[d_5_del,9]
%0,0.00112079,0.0203139,0,0.0741867,0.022354,0.19296,0.424666,0.0934577,0.170941,2.97905e-27,0,0,0,0,0,0,0,0,0,0
#[d_gene,0],[d_5_del,10]
%0,0,0.036536,0.0126528,0.109613,0.157378,0.318719,0.28282,0.0822817,0,0,0,0,0,0,0,0,0,0,0,0
#[d_gene,0],[d_5_del,11]
%0,3.43028e-05,0.0593114,0.0164965,0.174066,0.649712,0,0.10038,0,0,0,0,0,0,0,0,0,0,0,0,0
#[d_gene,0],[d_5_del,12]
%0,0,0.0219441,0,0.85592,0,0.122136,0,0,0,0,0,0,0,0,0,0,0,0,0,0
#[d_gene,0],[d_5_del,13]
%0,0,0,0,0.988695,0.0113051,0,0,0,0,0,0,0,0,0,0,0,0,0,0,0
#[d_gene,0],[d_5_del,14]
%0,0,0,0,1,0,0,0,0,0,0,0,0,0,0,0,0,0,0,0,0
#[d_gene,0],[d_5_del,15]
%0,0,0,0,0,0,0,0,0,0,0,0,0,0,0,0,0,0,0,0,0
#[d_gene,0],[d_5_del,16]
%0,0,0,0,1,0,0,0,0,0,0,0,0,0,0,0,0,0,0,0,0
#[d_gene,0],[d_5_del,17]
%0,0,0,0,0,0,0,0,0,0,0,0,0,0,0,0,0,0,0,0,0
#[d_gene,0],[d_5_del,18]
%0,0,0,0,0,0,0,0,0,0,0,0,0,0,0,0,0,0,0,0,0
#[d_gene,0],[d_5_del,19]
%0,0,0,0,0,0,0,0,0,0,0,0,0,0,0,0,0,0,0,0,0
#[d_gene,0],[d_5_del,20]
%0,0,0,0,0,0,0,0,0,0,0,0,0,0,0,0,0,0,0,0,0
#[d_gene,1],[d_5_del,0]
%0,0,0,0,0,0,0,0,0.149418,0.0517236,0,0,0,0,0,0,0,0,0,0.798859,0
#[d_gene,1],[d_5_del,1]
%0,0,0,0,0,0,0,0,0,0,0,0,0.484892,0,0,0,0,0.515108,0,0,0
#[d_gene,1],[d_5_del,2]
%0,0,0.0322259,0.00775628,0.0357004,0,0.152171,0.184945,0.210691,0.180534,0.0582766,0.0348202,0.0583972,0.0230728,0.0167604,0.000157292,0,0.00449151,0,0,4.1084e-26
#[d_gene,1],[d_5_del,3]
%0,0,0,0,0,0,0,0.43672,0.123912,0,0.193787,0,0.237451,0,0,0.00812947,0,0,0,0,0
#[d_gene,1],[d_5_del,4]
%0,0,0.0433572,0,0.0549983,0,0,0.324599,0.232131,0.147981,0.0408144,0.0388939,0.0766154,0.028751,0.0118591,0,0,0,4.97564e-33,0,0
#[d_gene,1],[d_5_del,5]
%0,0,0.0405403,0.00928555,0.0481562,0,0.199167,0.194994,0.171521,0.122708,0.0800587,0.0448721,0.0492573,0.0385634,0.000877543,0,0,0,0,0,0
#[d_gene,1],[d_5_del,6]
%0,0,0.0548592,0.013184,0.0717064,0,0.210173,0.200772,0.165171,0.129268,0.0788451,0.0300283,0.0309792,0.00940316,0.00561057,0,0,0,0,0,0
#[d_gene,1],[d_5_del,7]
%0,0,0.051254,0.0129316,0.0587208,0,0.194998,0.185577,0.208233,0.129248,0.0702145,0.0435613,0,0.0452614,0,0,0,0,0,0,0
#[d_gene,1],[d_5_del,8]
%0,0,0.0488441,0.0110568,0.073152,0.0180577,0.177094,0.220498,0.176233,0.126691,0.0507787,0,0.0975944,0,0,0,0,0,0,0,0
#[d_gene,1],[d_5_del,9]
%0,0,0.0524523,0.00986973,0.0497797,0.04641,0.14332,0.124237,0.141885,0.165905,0.185091,0.0549719,0.0260775,0,0,0,0,0,0,0,0
#[d_gene,1],[d_5_del,10]
%0,0,0.127003,0.0344314,0.164638,0,0,0.444528,0.224563,0,0.0048362,0,0,0,0,0,0,0,0,0,0
#[d_gene,1],[d_5_del,11]
%0,0.0046969,0.159044,0.0271815,0.389961,0,0.2846,0.134517,0,0,0,0,0,0,0,0,0,0,0,0,0
#[d_gene,1],[d_5_del,12]
%0,0,0.0209682,0,5.01303e-06,0.726251,0.252776,0,0,0,0,0,0,0,0,0,0,0,0,0,0
#[d_gene,1],[d_5_del,13]
%0,0,0.228542,0,0,0.771458,0,0,0,0,0,0,0,0,0,0,0,0,0,0,0
#[d_gene,1],[d_5_del,14]
%0,0,0.33952,0,0.66048,0,0,0,0,0,0,0,0,0,0,0,0,0,0,0,0
#[d_gene,1],[d_5_del,15]
%0,0,0,0,1,0,0,0,0,0,0,0,0,0,0,0,0,0,0,0,0
#[d_gene,1],[d_5_del,16]
%0,0,0,0,1,0,0,0,0,0,0,0,0,0,0,0,0,0,0,0,0
#[d_gene,1],[d_5_del,17]
%0,0,0,0,0,0,0,0,0,0,0,0,0,0,0,0,0,0,0,0,0
#[d_gene,1],[d_5_del,18]
%0,0,0,0,0,0,0,0,0,0,0,0,0,0,0,0,0,0,0,0,0
#[d_gene,1],[d_5_del,19]
%0,0,0,0,0,0,0,0,0,0,0,0,0,0,0,0,0,0,0,0,0
#[d_gene,1],[d_5_del,20]
%0,0,0,0,0,0,0,0,0,0,0,0,0,0,0,0,0,0,0,0,0
@j_5_del
$Dim[14,23]
#[j_choice,0]
%0,0,0,0,0.235767,0.0929634,0.134013,0.167735,0.146281,0.0484214,0.0456184,0.060212,0.0689887,0,0,0,0,0,0,0,0,0,0
#[j_choice,1]
%0,0,0.0598589,0.0393495,0.261887,0.0986996,0.147892,0.191688,0.135505,0.0283918,0.025562,0.00174486,0.000570708,0.00884966,6.1999e-08,0,0,0,0,0,0,0,0
#[j_choice,2]
%0,0,0.091429,0.13998,0.35368,0.0484652,0.130583,0.0983551,0.0753386,0.0127873,0.0105688,0.0117807,0.00871392,0.00570433,0.00338461,0.00922939,0,0,0,0,0,0,0
#[j_choice,3]
%0,0,0.0328915,0.0594118,0.185227,0.0714607,0.0632962,0.15596,0.156646,0.0524578,0.0838621,0.113292,0.00964398,0,0.00631787,0.00174256,0.00779032,0,1.94385e-41,0,0,0,0
#[j_choice,4]
%0,0,0.0450463,0.119849,0.105041,0.0656805,0.167545,0.156101,0.0737389,0.0586778,0.056973,0.0614108,0.0135989,0.0404268,0.0177622,0,0,0.0181489,0,0,0,0,0
#[j_choice,5]
%0,0,0.0514694,0.0288756,0.142152,0.0304589,0.0372072,0.117512,0.140087,0.120851,0.0561356,0.162463,0.0527782,0.0254272,0.0205965,0.0139859,0,0,0,0,0,0,0
#[j_choice,6]
%0,0,0,0,0,0,0,0,0,0,0,0,0,0,0,0,0,0,0,0,0,0,0
#[j_choice,7]
%0.000721734,0.00153963,0.0127843,0.0182595,0.0921391,0.165674,0.0734731,0.202252,0.131756,0.0740255,0.0956644,0.0990887,0.0123061,0.00658887,0.0030198,0.0107071,2.85135e-30,1.96298e-30,0,0,0,0,0
#[j_choice,8]
%0,0,0.0172272,0.0288318,0.209655,0.142937,0.13611,0.184723,0.15684,0.0328202,0.0298055,0.0143673,0.00426207,0,0.0038522,0,0,0,0,0,0,0.0295524,0.00901633
#[j_choice,9]
%0,0.000283298,0.177035,0.152539,0.0747296,0.204335,0.132079,0.109775,0.0577127,0.0280232,0.0283979,0.0122217,0.0100104,0.0047362,0.00812199,0,0,0,0,0,0,0,0
#[j_choice,10]
%0,0,0.0709911,0.128708,0.124855,0.125012,0.122923,0.106758,0.111011,0.0653999,0.0515076,0.0483298,0.0284371,0.00268745,0.0133789,0,0,0,0,0,0,0,0
#[j_choice,11]
%0,0,0.0594289,0.0870481,0.0304393,0.0964943,0.163998,0.154385,0.0998977,0.097363,0.116021,0.0233553,0.0197832,0.000737309,0.00810675,0,0,0,0,0,0,0.0429427,0
#[j_choice,12]
%0,0,0,0,0,0,0,0,0,0,0,0,0,0,0,0,0,0,0,0,0,0,0
#[j_choice,13]
%0,0.00684349,0.0843843,0,0.123866,0.0226187,0.0404305,0.13091,0.258984,0.0514884,0.104646,0.137531,0.0090783,0,0,0,0,0.0292192,0,0,0,0,0
@vd_ins
$Dim[31]
#
%0.16061,0.228356,0.252429,0.171847,0.098739,0.0440854,0.0195204,0.0118476,0.00517647,0.00300982,0.0017363,0.000701997,0.00194067,0,0,0,0,0,0,0,0,0,0,0,0,0,0,0,0,0,0
@vd_dinucl
$Dim[16]
#
%0.320179,0.218074,0.327695,0.134052,0.14693,0.543826,0.136629,0.172614,0.254017,0.264782,0.326046,0.155155,0.172996,0.436273,0.172992,0.217738
@dj_ins
$Dim[31]
#
%0.112631,0.26962,0.248604,0.153432,0.106126,0.0543986,0.0267124,0.0139674,0.00675537,0.00273714,0.0022105,0.00280656,0,0,0,0,0,0,0,0,0,0,0,0,0,0,0,0,0,0,0
@dj_dinucl
$Dim[16]
#
%0.334463,0.101953,0.455638,0.107946,0.22182,0.257284,0.284068,0.236828,0.255653,0.0995671,0.532532,0.112247,0.263008,0.206442,0.265921,0.26463
