@v_choice
$Dim[35]
#
%0.0458947,0.0531544,0.0274803,0.0780435,0.0790872,0,0,0,0.00103374,0,0,0.040877,0.0573805,0.0186661,0.055575,0,0.0424313,0.0174438,0.0290463,0.0314231,0.0255086,0,0.0443318,0.0245371,0.0120663,0.0163972,0.00999585,0.0664866,0,0.0777243,0,0,0.0353828,0.00349806,0.106534
@j_choice
$Dim[14]
#
%0.092771,0.0705256,0.0537559,0.0715512,0.0313357,0.0441231,0,0.12112,0.0374765,0.0845582,0.0966133,0.115339,0,0.180831
@d_gene
$Dim[14,2]
#[j_choice,0]
%0.994889,0.00511121
#[j_choice,1]
%0.993968,0.00603206
#[j_choice,2]
%0.997669,0.00233139
#[j_choice,3]
%0.9936,0.00639998
#[j_choice,4]
%0.996833,0.00316663
#[j_choice,5]
%0.987313,0.0126868
#[j_choice,6]
%0,0
#[j_choice,7]
%0.547887,0.452113
#[j_choice,8]
%0.723981,0.276019
#[j_choice,9]
%0.58231,0.41769
#[j_choice,10]
%0.581101,0.418899
#[j_choice,11]
%0.566315,0.433685
#[j_choice,12]
%0,0
#[j_choice,13]
%0.573782,0.426218
@v_3_del
$Dim[35,21]
#[v_choice,0]
%0.00287116,0,0.00837328,0.210153,0.0983781,0.12674,0.0918812,0.161958,0.162963,0.0523697,0.0463641,0.0129811,0.00878053,0.00540974,0.00272411,0,0.00805358,0,0,0,0
#[v_choice,1]
%0.000891353,0,0,0.155119,0.200806,0.0860778,0.103328,0.0871836,0.256044,0.0743098,0.0243873,0.00748799,0,0,0.0043651,0,0,0,0,0,0
#[v_choice,2]
%0.0015447,0.00151731,0.00614476,0.00700662,0,0.0816437,0.158912,0.145148,0.393814,0,0,0,0.165375,0,0,0.0325265,0.00489051,0.00147617,0,0,0
#[v_choice,3]
%0,0,0.000831089,0.100323,0,0,0,0.577666,0.120412,0.166398,0,0,0.0258659,0,0.00850418,0,0,0,0,0,0
#[v_choice,4]
%0,0,0,0.0945963,0.094995,0.0767998,0.0945186,0.0574877,0.463243,0.0815079,0.024657,0.00585324,0.00310072,0,0.00117986,0,0.00206139,0,0,0,0
#[v_choice,5]
%0,0,0,0,0,0,0,0,0,0,0,0,0,0,0,0,0,0,0,0,0
#[v_choice,6]
%0,0,0,0,0,0,0,0,0,0,0,0,0,0,0,0,0,0,0,0,0
#[v_choice,7]
%0,0,0,0,0,0,0,0,0,0,0,0,0,0,0,0,0,0,0,0,0
#[v_choice,8]
%0,0,0,0,0,0,0,0,0,0,0,0,1,2.70594e-43,0,0,0,0,0,0,0
#[v_choice,9]
%0,0,0,0,0,0,0,0,0,0,0,0,0,0,0,0,0,0,0,0,0
#[v_choice,10]
%0,0,0,0,0,0,0,0,0,0,0,0,0,0,0,0,0,0,0,0,0
#[v_choice,11]
%0,0,0.0390302,0.113589,0.0775586,0.118566,0.283097,0.116158,0.200158,0.0269035,0,0,0.0249394,0,0,0,0,0,0,0,0
#[v_choice,12]
%0,0,0.0563438,0.0485473,0.159449,0.165321,0.141748,0.257808,0.0625233,0,0.0902815,0.00863425,0,0.00934418,0,0,0,0,0,0,0
#[v_choice,13]
%0,0,0.049246,0.111295,0.0681498,0.137663,0.226294,0.140333,0.216908,0.021769,0,0,0.0283424,0,0,0,0,0,0,0,0
#[v_choice,14]
%0,0,0.0407282,0.108888,0.113985,0.13978,0.138591,0.197103,0.0526503,0.117504,0.0637867,0,0,0.0141908,0,0.00567711,0.00711676,0,0,0,0
#[v_choice,15]
%0,0,0,0,0,0,0,0,0,0,0,0,0,0,0,0,0,0,0,0,0
#[v_choice,16]
%0,0,0.0227732,0.0304793,0.0974879,0.175224,0.190895,0.222459,0.088261,0.0810211,0.0655926,0.0110522,0,0.0147546,0,0,0,0,0,0,0
#[v_choice,17]
%0,0,0,0,0,0,0.623191,0.0649219,0.031246,0.241018,0,0.0396233,0,0,0,0,0,0,0,0,0
#[v_choice,18]
%0,0.00419259,0.0109436,0.0150874,0,0.044579,0.225905,0.156651,0.123013,0.037159,0.276418,0.0712112,0.00986232,0,0,0,0.0249771,1.47861e-20,0,0,0
#[v_choice,19]
%0,0,0,0.101658,0.042157,0.156701,0.0974236,0.110696,0.147845,0.269495,0.0446939,0.0117474,0.00891456,0.00230381,0.00137112,0.00499435,0,0,0,0,0
#[v_choice,20]
%0.0016342,0,0.0110584,0.0932629,0.0229664,0.0617933,0.124924,0.19304,0.0698489,0.0518951,0.0936438,0.149112,0.0690772,0,0,0.0521779,0.00556529,0,0,0,0
#[v_choice,21]
%0,0,0,0,0,0,0,0,0,0,0,0,0,0,0,0,0,0,0,0,0
#[v_choice,22]
%0.000409725,0,0.00765688,0,0.0173775,0.148028,0.222155,0.0802138,0.11217,0.127127,0.123631,0.0154879,0.0727835,0.0122534,0.0607069,0,0,0,0,0,0
#[v_choice,23]
%0,0,0.0284388,0.102878,0.0809283,0.122255,0.118229,0.178678,0.077778,0.148281,0.0985517,0.028847,0.00427282,0.00669406,0.0041697,0,0,0,0,0,0
#[v_choice,24]
%0,0,0,0.0375128,0.0577532,0.0227979,0.0773432,0,0.495914,0.0741684,0.11862,0,0.0778533,0,0,0.0380375,0,0,0,0,0
#[v_choice,25]
%0,0,0,0,0,0,0,0.794112,0,0.103535,0.0340981,0.0139807,0,0.00833786,0,0.0459371,0,0,0,0,0
#[v_choice,26]
%0,0,0.0251771,0.108418,0.116408,0.0971306,0.159244,0.143499,0.124317,0.0524182,0.121747,0.0157586,0.0175899,0.0113002,0.0013345,0.00565748,0,0,0,0,0
#[v_choice,27]
%0,0,0.0323126,0.109173,0.0764903,0.146808,0.0650508,0.119283,0.269703,0.0594245,0.0767686,0.0279695,0.0170171,0,0,0,0,0,0,0,0
#[v_choice,28]
%0,0,0,0,0,0,0,0,0,0,0,0,0,0,0,0,0,0,0,0,0
#[v_choice,29]
%0,0,0.00338203,0.00817894,0.0048053,0.0937977,0.129548,0.128772,0.348327,0.0935912,0.134956,0.0397974,0.00966839,0,0.00517615,0,0,0,0,0,0
#[v_choice,30]
%0,0,0,0,0,0,0,0,0,0,0,0,0,0,0,0,0,0,0,0,0
#[v_choice,31]
%0,0,0,0,0,0,0,0,0,0,0,0,0,0,0,0,0,0,0,0,0
#[v_choice,32]
%0,0,0.0117738,0.0336268,0.00516064,0.13837,0.165481,0.155453,0.230364,0.0719193,0.187851,0,0,0,0,0,0,0,0,0,0
#[v_choice,33]
%0,0,0,0.0696429,0,0.17892,0.103619,0.165582,0.102609,0.180785,0.106035,0,0.058413,0.0343941,9.20522e-34,0,0,0,0,0,0
#[v_choice,34]
%0,0,0,0,0.316945,0.208963,0.072817,0.200313,0.0536099,0.0496709,0.0157802,0.0234271,0.0342111,0,0.00770922,0.00367795,0.0128763,0,0,0,0
@d_5_del
$Dim[2,21]
#[d_gene,0]
%0.014801,0.00758091,0.0746628,0.0135912,0.152227,0.105603,0.142164,0.0950265,0.128974,0.0775088,0.0758031,0.0178068,0.00741483,0.0200702,0.00104681,0,0.065719,0,0,0,0
#[d_gene,1]
%0.000849625,0.000476212,0.0617442,0.00966253,0.103134,0.104775,0.184629,0.0964267,0.204281,0.119302,0.0647455,0.0337941,0.00971733,0.00292114,0.000634247,0.00236794,0.000539441,0,0,0,0
@d_3_del
$Dim[2,21,21]
#[d_gene,0],[d_5_del,0]
%0,0,0,0,0,0,0,0.0400802,0,0,0,0,0,0,0,0,9.52049e-07,0,0,0.122228,0.83769
#[d_gene,0],[d_5_del,1]
%0,0,0,0,0,0,0,0,0,0,0,0,0,0,0,0,0.0604382,0,0,0.939562,0
#[d_gene,0],[d_5_del,2]
%0,0,0.00634626,0,0.0515081,0,0.112482,0.247167,0,0.0796943,0.414766,0.054132,0.0250884,0.00015017,0,6.27898e-06,2.27754e-05,0,0.00863698,0,0
#[d_gene,0],[d_5_del,3]
%0,0,0,0,0.0338694,0,0.000240689,0.0937899,0,0.0591912,0.607843,0.0375271,0,0.00750142,0,0,0,0.160037,0,0,0
#[d_gene,0],[d_5_del,4]
%0,0,0.00855595,0,0.0490987,0,0.10645,0.195838,0,0.131989,0.375634,0.0649123,0.0609679,0,0,0,0.00655329,0,0,0,0
#[d_gene,0],[d_5_del,5]
%0,0,0.00693242,0,0.0505623,0.000825379,0.0941378,0.20096,1.79854e-05,0.124489,0.308302,0.0565293,0.153255,0.00398856,0,0,0,0,0,0,0
#[d_gene,0],[d_5_del,6]
%0,0,0.0068032,0,0.054624,0.000510026,0.0970514,0.249166,0.00420364,0.198459,0.277999,0.0953411,0.0158431,0,0,0,0,0,0,0,0
#[d_gene,0],[d_5_del,7]
%0,0,0.0129086,0,0.0857659,0,0.146408,0.268673,0.0264254,0.117229,0.321148,0.0214409,0,0,0,0,0,0,0,0,0
#[d_gene,0],[d_5_del,8]
%0,0,0.0159325,0,0.106668,0.000790071,0.144774,0.364972,0.0204037,0.245811,0.100649,0,0,0,0,0,0,0,0,0,0
#[d_gene,0],[d_5_del,9]
%0,0.00102501,0.0187307,0,0.0746997,0.0240825,0.171906,0.430364,0.0944447,0.184747,1.11489e-26,0,0,0,0,0,0,0,0,0,0
#[d_gene,0],[d_5_del,10]
%0,0,0.0395623,0.0164631,0.103257,0.158559,0.323951,0.282098,0.0761104,0,0,0,0,0,0,0,0,0,0,0,0
#[d_gene,0],[d_5_del,11]
%0,0.000849066,0.0621494,0.013905,0.172439,0.655872,0,0.0947854,0,0,0,0,0,0,0,0,0,0,0,0,0
#[d_gene,0],[d_5_del,12]
%0,0,0.0232942,0,0.858783,0,0.117922,0,0,0,0,0,0,0,0,0,0,0,0,0,0
#[d_gene,0],[d_5_del,13]
%0,0,0,0,0.986402,0.0135981,0,0,0,0,0,0,0,0,0,0,0,0,0,0,0
#[d_gene,0],[d_5_del,14]
%0,0,0,0,1,0,0,0,0,0,0,0,0,0,0,0,0,0,0,0,0
#[d_gene,0],[d_5_del,15]
%0,0,0,0,0,0,0,0,0,0,0,0,0,0,0,0,0,0,0,0,0
#[d_gene,0],[d_5_del,16]
%0,0,0,0,1,0,0,0,0,0,0,0,0,0,0,0,0,0,0,0,0
#[d_gene,0],[d_5_del,17]
%0,0,0,0,0,0,0,0,0,0,0,0,0,0,0,0,0,0,0,0,0
#[d_gene,0],[d_5_del,18]
%0,0,0,0,0,0,0,0,0,0,0,0,0,0,0,0,0,0,0,0,0
#[d_gene,0],[d_5_del,19]
%0,0,0,0,0,0,0,0,0,0,0,0,0,0,0,0,0,0,0,0,0
#[d_gene,0],[d_5_del,20]
%0,0,0,0,0,0,0,0,0,0,0,0,0,0,0,0,0,0,0,0,0
#[d_gene,1],[d_5_del,0]
%0,0,0,0,0,0,0,0,0.570958,0.190104,0,0,0,0,0,0,0,0,0,0.238938,0
#[d_gene,1],[d_5_del,1]
%0,0,0,0,0,0,0,0,0,0,0,0,0.717161,0,0,0,0,0.282839,0,0,0
#[d_gene,1],[d_5_del,2]
%0,0,0.0411447,0.0121156,0.0436033,0,0.146402,0.145218,0.228897,0.15518,0.0646301,0.0313626,0.059474,0.0222791,0.0135356,7.31875e-05,0,0.00331921,0,0,0.0327653
#[d_gene,1],[d_5_del,3]
%0,0,0,0,0,0,0,0.451966,0.167513,0,0.128,0,0.240597,0,0,0.0119235,0,0,0,0,0
#[d_gene,1],[d_5_del,4]
%0,0,0.0435893,0,0.0519988,0,0,0.348691,0.216531,0.13479,0.0487183,0.040511,0.0633084,0.0290874,0.0135807,0,0,0,0.00919409,0,0
#[d_gene,1],[d_5_del,5]
%0,0,0.0476341,0.0110861,0.0486639,0,0.213317,0.191053,0.194576,0.117897,0.0713677,0.027665,0.0469174,0.0289378,0.000885052,0,0,0,0,0,0
#[d_gene,1],[d_5_del,6]
%0,0,0.0513123,0.0114691,0.075965,0,0.202256,0.20733,0.159197,0.134974,0.0732575,0.0362871,0.032438,0.00995499,0.00555787,0,0,0,0,0,0
#[d_gene,1],[d_5_del,7]
%0,0,0.0510053,0.02109,0.0721575,0,0.174313,0.199268,0.172907,0.140222,0.0643572,0.0514308,0,0.0532491,0,0,0,0,0,0,0
#[d_gene,1],[d_5_del,8]
%0,0,0.05126,0.0113791,0.0731855,0.0228621,0.195936,0.219099,0.168883,0.121371,0.0480584,0,0.0879656,0,0,0,0,0,0,0,0
#[d_gene,1],[d_5_del,9]
%0,0,0.0588493,0.00753253,0.0597359,0.0560215,0.156606,0.118654,0.145861,0.157616,0.168332,0.0513883,0.0194043,0,0,0,0,0,0,0,0
#[d_gene,1],[d_5_del,10]
%0,0,0.145538,0.0387101,0.166165,0,0,0.421243,0.2227,0,0.00564331,0,0,0,0,0,0,0,0,0,0
#[d_gene,1],[d_5_del,11]
%0,0.0144258,0.194108,0.0291994,0.374221,0,0.259855,0.128191,0,0,0,0,0,0,0,0,0,0,0,0,0
#[d_gene,1],[d_5_del,12]
%0,0,0.0254497,0,5.06674e-06,0.714776,0.259769,0,0,0,0,0,0,0,0,0,0,0,0,0,0
#[d_gene,1],[d_5_del,13]
%0,0,0.159321,0,4.11208e-21,0.840679,0,0,0,0,0,0,0,0,0,0,0,0,0,0,0
#[d_gene,1],[d_5_del,14]
%0,0,0.0798613,0,0.920139,0,0,0,0,0,0,0,0,0,0,0,0,0,0,0,0
#[d_gene,1],[d_5_del,15]
%0,0,0,0,1,0,0,0,0,0,0,0,0,0,0,0,0,0,0,0,0
#[d_gene,1],[d_5_del,16]
%0,0,0,0,1,0,0,0,0,0,0,0,0,0,0,0,0,0,0,0,0
#[d_gene,1],[d_5_del,17]
%0,0,0,0,0,0,0,0,0,0,0,0,0,0,0,0,0,0,0,0,0
#[d_gene,1],[d_5_del,18]
%0,0,0,0,0,0,0,0,0,0,0,0,0,0,0,0,0,0,0,0,0
#[d_gene,1],[d_5_del,19]
%0,0,0,0,0,0,0,0,0,0,0,0,0,0,0,0,0,0,0,0,0
#[d_gene,1],[d_5_del,20]
%0,0,0,0,0,0,0,0,0,0,0,0,0,0,0,0,0,0,0,0,0
@j_5_del
$Dim[14,23]
#[j_choice,0]
%0,0,0,0,0.235815,0.0983515,0.13014,0.164101,0.150139,0.0518904,0.0561221,0.113442,1.06321e-41,0,0,0,0,0,0,0,0,0,0
#[j_choice,1]
%0,0,0.0594994,0.0386601,0.257179,0.0869587,0.152952,0.187101,0.145287,0.0315507,0.0270165,0.00266867,0.000927689,0.0101994,2.44185e-24,0,0,0,0,0,0,0,0
#[j_choice,2]
%0,0,0.104594,0.125495,0.356566,0.0608893,0.126994,0.0932558,0.0677486,0.00874213,0.0143175,0.0105257,0.0110059,0.00522179,0.00353165,0.0111128,0,0,0,0,0,0,0
#[j_choice,3]
%0,0,0.0281955,0.0678986,0.192604,0.069509,0.0638077,0.156761,0.154121,0.0516544,0.0824175,0.105346,0.00740439,0,0.00686396,0.00325513,0.0101631,0,6.76234e-38,0,0,0,0
#[j_choice,4]
%0,0,0.0494893,0.111421,0.0920264,0.0685442,0.132666,0.163172,0.0904969,0.0672771,0.0681642,0.0566406,0.0153442,0.044088,0.0173867,0,0,0.0232832,0,0,0,0,0
#[j_choice,5]
%0,0,0.0529775,0.0253157,0.14207,0.0329946,0.0419291,0.111127,0.131783,0.112603,0.0686609,0.155343,0.0600868,0.0209894,0.0281502,0.015969,0,0,0,0,0,0,0
#[j_choice,6]
%0,0,0,0,0,0,0,0,0,0,0,0,0,0,0,0,0,0,0,0,0,0,0
#[j_choice,7]
%0.000821298,0.00115361,0.014831,0.0171612,0.0922954,0.156433,0.0719554,0.206724,0.128345,0.0708411,0.0976695,0.105744,0.0122638,0.00654395,0.00286558,0.00447996,0.00577961,0.00409163,0,0,0,0,0
#[j_choice,8]
%0,0,0.0163555,0.0360021,0.206927,0.134911,0.126525,0.198333,0.152695,0.033428,0.0374931,0.0126103,0.00183447,0,0.00655351,0,0,0,0,0,0,0.0298331,0.00649948
#[j_choice,9]
%0,0.000452785,0.174595,0.160652,0.0693995,0.210176,0.125283,0.102839,0.062062,0.0242133,0.0338228,0.0144676,0.0100435,0.00464789,0.0073457,0,0,0,0,0,0,0,0
#[j_choice,10]
%0,0,0.0707396,0.132029,0.126248,0.127594,0.124324,0.108426,0.104679,0.0604776,0.0484288,0.0506204,0.031438,0.00266401,0.0123312,0,0,0,0,0,0,0,0
#[j_choice,11]
%0,0,0.051459,0.0899386,0.0248685,0.0943362,0.166814,0.158892,0.096292,0.100613,0.120639,0.0238998,0.0184905,0.000265847,0.00822627,0,0,0,0,0,0,0.0452659,0
#[j_choice,12]
%0,0,0,0,0,0,0,0,0,0,0,0,0,0,0,0,0,0,0,0,0,0,0
#[j_choice,13]
%0,0.00644294,0.0786166,0,0.122152,0.0238987,0.0421521,0.129227,0.259997,0.0498586,0.107559,0.141457,0.00896054,0,0,0,0,0.0296771,0,0,0,0,0
@vd_ins
$Dim[31]
#
%0.159263,0.228404,0.249633,0.174975,0.0968801,0.0450494,0.0211377,0.0108852,0.00564238,0.00306401,0.00170241,0.00112199,0.0022424,0,0,0,0,0,0,0,0,0,0,0,0,0,0,0,0,0,0
@vd_dinucl
$Dim[16]
#
%0.337634,0.210765,0.324389,0.127212,0.149215,0.542758,0.140717,0.16731,0.254705,0.252774,0.334756,0.157765,0.177643,0.432427,0.172005,0.217926
@dj_ins
$Dim[31]
#
%0.112426,0.266191,0.245913,0.155674,0.105414,0.0528657,0.0296378,0.0146544,0.00741903,0.00339418,0.00216641,0.00424491,0,0,0,0,0,0,0,0,0,0,0,0,0,0,0,0,0,0,0
@dj_dinucl
$Dim[16]
#
%0.336611,0.104562,0.450913,0.107913,0.220836,0.252807,0.287639,0.238718,0.249408,0.102103,0.536835,0.111655,0.258976,0.205258,0.265346,0.270419
